deg1, 2A3+2A1.txt
(-2)-curves:
[
    ( 1 -1 -1 -1  0  0  0  0  0),
    ( 0  0  0  1 -1  0  0  0  0),
    ( 0  0  0  0  1 -1  0  0  0),
    ( 0  0  0  0  0  0  1 -1  0),
    ( 0  0  0  0  0  0  0  1 -1),
    (-3  1  1  1  1  1  1  1  2),
    ( 0  1 -1  0  0  0  0  0  0),
    ( 1  0  0 -1 -1 -1  0  0  0)
]
# of (-1)-classes = 240
# of (-1)-curves = 11
list of (-1)-curves:
[*
    ( 3 -2  0 -1 -1 -1 -1 -1 -1),
    ( 2  0  0 -1 -1  0 -1 -1 -1),
    ( 4 -2 -1 -1 -1 -1 -2 -2 -1),
    ( 2 -1  0 -1  0  0 -1 -1 -1),
    ( 5 -2 -1 -2 -2 -1 -2 -2 -2),
    ( 3 -1  0 -1 -1 -1 -2 -1 -1),
    ( 2 -1 -1  0  0  0 -1 -1 -1),
    ( 4 -1 -1 -2 -1 -1 -2 -2 -1),
    ( 3 -1 -1 -1 -1  0 -2 -1 -1),
    ( 6 -2 -2 -2 -2 -2 -3 -2 -2),
    ( 4 -1 -1 -1 -1 -1 -2 -2 -2)
*]
The intersection matrix of negative curves:
[-2  1  0  0  0  0  0  0  0  1  0  0  0  1  0  0  0  0  1]
[ 1 -2  1  0  0  0  0  0  0  0  0  1  0  0  0  1  0  0  0]
[ 0  1 -2  0  0  0  0  0  0  1  0  0  1  0  0  0  1  0  0]
[ 0  0  0 -2  1  0  0  0  0  0  0  0  0  1  0  0  1  1  0]
[ 0  0  0  1 -2  1  0  0  0  0  1  0  0  0  0  1  0  0  0]
[ 0  0  0  0  1 -2  0  0  0  0  0  0  1  0  0  0  0  1  1]
[ 0  0  0  0  0  0 -2  0  2  0  1  1  1  1  0  0  0  0  0]
[ 0  0  0  0  0  0  0 -2  0  0  1  1  0  0  2  0  1  0  1]
[ 0  0  0  0  0  0  2  0 -1  1  0  0  0  0  1  1  1  1  1]
[ 1  0  1  0  0  0  0  0  1 -1  1  0  0  0  1  0  0  1  0]
[ 0  0  0  0  1  0  1  1  0  1 -1  0  0  0  0  0  0  0  0]
[ 0  1  0  0  0  0  1  1  0  0  0 -1  0  0  0  0  0  1  0]
[ 0  0  1  0  0  1  1  0  0  0  0  0 -1  0  1  0  0  0  0]
[ 1  0  0  1  0  0  1  0  0  0  0  0  0 -1  1  0  0  0  0]
[ 0  0  0  0  0  0  0  2  1  1  0  0  1  1 -1  1  0  1  0]
[ 0  1  0  0  1  0  0  0  1  0  0  0  0  0  1 -1  0  0  0]
[ 0  0  1  1  0  0  0  1  1  0  0  0  0  0  0  0 -1  0  0]
[ 0  0  0  1  0  1  0  0  1  1  0  1  0  0  1  0  0 -1  0]
[ 1  0  0  0  0  1  0  1  1  0  0  0  0  0  0  0  0  0 -1]
Possible branch divisors:
(0 0 0 0 0 0 0 0 0)
{}
(-2  0  0  0  2  0  2  0  2)
{ 1, 3, 4, 6 }
(-2  2  0  0  0  0  2  0  2)
{ 4, 6, 7, 8 }
( 2  0 -2 -2  0 -2  0  0  0)
{ 1, 3, 7, 8 }
The quotient group Pic(X)/E:
Abelian Group isomorphic to Z/2 + Z/4 + Z
Defined on 3 generators
Relations:
    2*$.1 = 0
    4*$.2 = 0
