deg1, D4+A3.txt
(-2)-curves:
[
    ( 1 -1 -1 -1  0  0  0  0  0),
    ( 0  0  1 -1  0  0  0  0  0),
    ( 0  0  0  1 -1  0  0  0  0),
    ( 0  0  0  0  1 -1  0  0  0),
    ( 0  0  0  0  0  0  1 -1  0),
    ( 0  0  0  0  0  0  0  1 -1),
    (-3  1  1  1  1  1  1  1  2)
]
# of (-1)-classes = 240
# of (-1)-curves = 11
list of (-1)-curves:
[*
    ( 3  0 -2 -1 -1 -1 -1 -1 -1),
    ( 2  0 -1 -1  0  0 -1 -1 -1),
    ( 5 -1 -2 -2 -2 -1 -2 -2 -2),
    ( 3  0 -1 -1 -1 -1 -2 -1 -1),
    ( 4 -2 -1 -1 -1 -1 -2 -2 -1),
    ( 5 -1 -2 -2 -2 -2 -2 -2 -1),
    ( 4 -1 -2 -1 -1 -1 -2 -2 -1),
    ( 2 -1 -1  0  0  0 -1 -1 -1),
    ( 3 -1 -1 -1 -1  0 -2 -1 -1),
    ( 6 -2 -2 -2 -2 -2 -3 -2 -2),
    ( 4 -1 -1 -1 -1 -1 -2 -2 -2)
*]
The intersection matrix of negative curves:
[-2  0  1  0  0  0  0  0  0  0  1  0  0  0  0  0  0  1]
[ 0 -2  1  0  0  0  0  1  0  0  0  0  0  1  1  0  0  0]
[ 1  1 -2  1  0  0  0  0  1  0  0  0  0  0  0  0  0  0]
[ 0  0  1 -2  0  0  0  0  0  1  0  0  0  0  0  1  0  0]
[ 0  0  0  0 -2  1  0  0  0  0  1  0  0  0  0  1  1  0]
[ 0  0  0  0  1 -2  1  0  0  0  0  1  1  1  0  0  0  0]
[ 0  0  0  0  0  1 -2  0  0  1  0  0  0  0  0  0  1  1]
[ 0  1  0  0  0  0  0 -1  0  0  0  2  0  0  1  1  1  1]
[ 0  0  1  0  0  0  0  0 -1  0  0  1  1  0  0  0  1  0]
[ 0  0  0  1  0  0  1  0  0 -1  0  1  0  0  1  0  0  0]
[ 1  0  0  0  1  0  0  0  0  0 -1  1  0  0  1  0  0  0]
[ 0  0  0  0  0  1  0  2  1  1  1 -1  1  0  0  0  0  0]
[ 0  0  0  0  0  1  0  0  1  0  0  1 -1  0  2  1  0  1]
[ 0  1  0  0  0  1  0  0  0  0  0  0  0 -1  0  0  0  0]
[ 0  1  0  0  0  0  0  1  0  1  1  0  2  0 -1  0  1  0]
[ 0  0  0  1  1  0  0  1  0  0  0  0  1  0  0 -1  0  0]
[ 0  0  0  0  1  0  1  1  1  0  0  0  0  0  1  0 -1  0]
[ 1  0  0  0  0  0  1  1  0  0  0  0  1  0  0  0  0 -1]
Possible branch divisors:
(0 0 0 0 0 0 0 0 0)
{}
(-2  0  0  0  2  0  2  0  2)
{ 1, 4, 5, 7 }
The quotient group Pic(X)/E:
Abelian Group isomorphic to Z/2 + Z + Z
Defined on 3 generators
Relations:
    2*$.1 = 0
