deg1, 2A4.txt
(-2)-curves:
[
    ( 1 -1 -1 -1  0  0  0  0  0),
    ( 0  0  0  1 -1  0  0  0  0),
    ( 0  0  0  0  1 -1  0  0  0),
    ( 0  0  0  0  0  1 -1  0  0),
    ( 0  1 -1  0  0  0  0  0  0),
    ( 2 -1  0 -1 -1 -1 -1 -1  0),
    (-3  1  1  1  1  1  1  2  1),
    ( 3 -1 -1 -1 -1 -1 -1 -1 -2)
]
# of (-1)-classes = 240
# of (-1)-curves = 6
list of (-1)-curves:
[*
    ( 2  0  0 -1 -1 -1  0 -1 -1),
    ( 1 -1  0  0  0  0  0 -1  0),
    ( 2 -1  0 -1 -1  0  0 -1 -1),
    ( 1  0  0 -1  0  0  0 -1  0),
    ( 3 -1 -1 -1 -1 -1  0 -2 -1),
    ( 1  0  0  0  0  0  0 -1 -1)
*]
The intersection matrix of negative curves:
[-2  1  0  0  0  0  0  0  1  0  0  0  0  1]
[ 1 -2  1  0  0  0  0  0  0  0  0  1  0  0]
[ 0  1 -2  1  0  0  0  0  0  0  1  0  0  0]
[ 0  0  1 -2  0  0  0  0  1  0  0  0  1  0]
[ 0  0  0  0 -2  1  0  0  0  1  1  0  0  0]
[ 0  0  0  0  1 -2  1  0  0  0  0  0  0  1]
[ 0  0  0  0  0  1 -2  1  0  0  0  0  1  0]
[ 0  0  0  0  0  0  1 -2  0  1  0  1  0  0]
[ 1  0  0  1  0  0  0  0 -1  1  0  0  0  0]
[ 0  0  0  0  1  0  0  1  1 -1  0  0  0  0]
[ 0  0  1  0  1  0  0  0  0  0 -1  0  0  0]
[ 0  1  0  0  0  0  0  1  0  0  0 -1  0  0]
[ 0  0  0  1  0  0  1  0  0  0  0  0 -1  0]
[ 1  0  0  0  0  1  0  0  0  0  0  0  0 -1]
Possible branch divisors:
Algorithm not applicible
(0 0 0 0 0 0 0 0 0)
{}
The quotient group Pic(X)/E:
Abelian Group isomorphic to Z/5 + Z
Defined on 2 generators
Relations:
    5*$.1 = 0
