deg1, A7+A1.txt
(-2)-curves:
[
    ( 0  1 -1  0  0  0  0  0  0),
    ( 1 -1 -1 -1  0  0  0  0  0),
    ( 0  0  0  1 -1  0  0  0  0),
    ( 0  0  0  0  1 -1  0  0  0),
    ( 0  0  0  0  0  1 -1  0  0),
    ( 0  0  0  0  0  0  1 -1  0),
    ( 0  0  0  0  0  0  0  1 -1),
    (-3  1  1  1  1  1  1  1  2)
]
# of (-1)-classes = 240
# of (-1)-curves = 5
list of (-1)-curves:
[*
    ( 5 -1 -1 -2 -2 -2 -2 -2 -2),
    ( 3 -2  0 -1 -1 -1 -1 -1 -1),
    ( 3 -1  0 -2 -1 -1 -1 -1 -1),
    ( 5 -2 -1 -2 -2 -2 -2 -2 -1),
    ( 4 -1 -1 -2 -2 -2 -1 -1 -1)
*]
The intersection matrix of negative curves:
[-2  0  0  0  0  0  0  0  0  2  1  1  0]
[ 0 -2  1  0  0  0  0  0  1  0  0  0  0]
[ 0  1 -2  1  0  0  0  0  0  0  1  0  0]
[ 0  0  1 -2  1  0  0  0  0  0  0  0  0]
[ 0  0  0  1 -2  1  0  0  0  0  0  0  1]
[ 0  0  0  0  1 -2  1  0  0  0  0  0  0]
[ 0  0  0  0  0  1 -2  1  0  0  0  1  0]
[ 0  0  0  0  0  0  1 -2  1  0  0  0  0]
[ 0  1  0  0  0  0  0  1 -1  1  0  0  0]
[ 2  0  0  0  0  0  0  0  1 -1  0  0  1]
[ 1  0  1  0  0  0  0  0  0  0 -1  0  0]
[ 1  0  0  0  0  0  1  0  0  0  0 -1  0]
[ 0  0  0  0  1  0  0  0  0  1  0  0 -1]
Possible branch divisors:
(0 0 0 0 0 0 0 0 0)
{}
(-2  0  0  0  2  0  2  0  2)
{ 2, 4, 6, 8 }
The quotient group Pic(X)/E:
Abelian Group isomorphic to Z/4 + Z
Defined on 2 generators
Relations:
    4*$.1 = 0
