deg1, D5+2A1.txt
(-2)-curves:
[
    ( 1 -1 -1 -1  0  0  0  0  0),
    ( 0  0  1 -1  0  0  0  0  0),
    ( 0  0  0  1 -1  0  0  0  0),
    ( 0  0  0  0  1 -1  0  0  0),
    ( 0  0  0  0  0  1 -1  0  0),
    ( 2  0 -1 -1 -1 -1 -1 -1  0),
    ( 3 -1 -1 -1 -1 -1 -1 -1 -2)
]
# of (-1)-classes = 240
# of (-1)-curves = 12
list of (-1)-curves:
[*
    (0 1 0 0 0 0 0 0 0),
    ( 2  0 -1 -1 -1  0  0 -1 -1),
    ( 2  0 -1 -1 -1 -1  0  0 -1),
    ( 1 -1  0  0  0  0  0 -1  0),
    ( 1 -1  0  0  0  0  0  0 -1),
    ( 1  0 -1  0  0  0  0 -1  0),
    ( 1  0 -1  0  0  0  0  0 -1),
    (0 0 0 0 0 0 1 0 0),
    ( 3 -1 -1 -1 -1 -1  0 -2 -1),
    (0 0 0 0 0 0 0 1 0),
    ( 1  0  0  0  0  0  0 -1 -1),
    (0 0 0 0 0 0 0 0 1)
*]
The intersection matrix of negative curves:
[-2  0  1  0  0  0  0  1  0  0  0  0  0  0  0  0  0  1  0]
[ 0 -2  1  0  0  0  0  0  0  0  0  0  1  1  0  0  0  0  0]
[ 1  1 -2  1  0  0  0  0  0  0  0  0  0  0  0  0  0  0  0]
[ 0  0  1 -2  1  0  0  0  1  0  0  0  0  0  0  0  0  0  0]
[ 0  0  0  1 -2  0  0  0  0  1  0  0  0  0  1  1  0  0  0]
[ 0  0  0  0  0 -2  0  0  0  0  1  2  0  1  1  0  1  1  0]
[ 0  0  0  0  0  0 -2  1  0  0  1  0  1  0  1  0  1  0  2]
[ 1  0  0  0  0  0  1 -1  0  0  1  1  0  0  0  1  0  0  0]
[ 0  0  0  1  0  0  0  0 -1  0  1  1  0  0  0  0  1  0  1]
[ 0  0  0  0  1  0  0  0  0 -1  2  1  1  0  0  1  0  1  1]
[ 0  0  0  0  0  1  1  1  1  2 -1  0  0  1  0  0  1  0  0]
[ 0  0  0  0  0  2  0  1  1  1  0 -1  1  0  0  1  0  0  1]
[ 0  1  0  0  0  0  1  0  0  1  0  1 -1  0  0  0  1  0  0]
[ 0  1  0  0  0  1  0  0  0  0  1  0  0 -1  0  1  0  0  1]
[ 0  0  0  0  1  1  1  0  0  0  0  0  0  0 -1  0  0  0  0]
[ 0  0  0  0  1  0  0  1  0  1  0  1  0  1  0 -1  2  0  1]
[ 0  0  0  0  0  1  1  0  1  0  1  0  1  0  0  2 -1  1  0]
[ 1  0  0  0  0  1  0  0  0  1  0  0  0  0  0  0  1 -1  1]
[ 0  0  0  0  0  0  2  0  1  1  0  1  0  1  0  1  0  1 -1]
Possible branch divisors:
(0 0 0 0 0 0 0 0 0)
{}
( 6 -2 -2 -4 -2 -2 -2 -2 -2)
{ 1, 2, 6, 7 }
The quotient group Pic(X)/E:
Abelian Group isomorphic to Z/2 + Z + Z
Defined on 3 generators
Relations:
    2*$.1 = 0
