deg1, 4A2.txt
(-2)-curves:
[
    ( 0  1 -1  0  0  0  0  0  0),
    ( 0  0  1 -1  0  0  0  0  0),
    ( 0  0  0  0  1 -1  0  0  0),
    ( 0  0  0  0  0  1 -1  0  0),
    ( 0  0  0  0  0  0  0  1 -1),
    (-3  1  1  1  1  1  1  1  2),
    ( 1 -1 -1 -1  0  0  0  0  0),
    ( 1  0  0  0 -1 -1 -1  0  0)
]
# of (-1)-classes = 240
# of (-1)-curves = 12
list of (-1)-curves:
[*
    ( 3 -2 -1  0 -1 -1 -1 -1 -1),
    ( 4 -2 -1 -1 -2 -1 -1 -2 -1),
    ( 4 -2 -1 -1 -1 -1 -1 -2 -2),
    ( 2 -1  0  0 -1 -1  0 -1 -1),
    ( 2 -1 -1  0 -1  0  0 -1 -1),
    ( 5 -2 -2 -1 -2 -2 -1 -2 -2),
    ( 3 -1 -1  0 -1 -1 -1 -2 -1),
    ( 3 -1 -1 -1 -2 -1  0 -1 -1),
    ( 4 -1 -1 -1 -2 -1 -1 -2 -2),
    ( 3 -1 -1 -1 -1 -1  0 -2 -1),
    ( 6 -2 -2 -2 -2 -2 -2 -3 -2),
    ( 1  0  0  0  0  0  0 -1 -1)
*]
The intersection matrix of negative curves:
[-2  1  0  0  0  0  0  0  1  1  1  1  0  0  0  0  0  0  0  0]
[ 1 -2  0  0  0  0  0  0  1  0  0  0  1  1  1  0  0  0  0  0]
[ 0  0 -2  1  0  0  0  0  0  1  0  0  1  0  0  1  1  0  0  0]
[ 0  0  1 -2  0  0  0  0  0  0  0  1  0  1  0  1  0  1  0  0]
[ 0  0  0  0 -2  1  0  0  0  1  0  0  0  0  1  0  0  1  1  0]
[ 0  0  0  0  1 -2  0  0  0  0  1  0  0  1  0  0  1  0  1  0]
[ 0  0  0  0  0  0 -2  1  0  0  0  1  0  0  1  0  1  0  0  1]
[ 0  0  0  0  0  0  1 -2  0  0  1  0  1  0  0  0  0  1  0  1]
[ 1  1  0  0  0  0  0  0 -1  0  0  0  0  0  0  1  1  1  1  1]
[ 1  0  1  0  1  0  0  0  0 -1  0  0  0  0  0  0  0  0  0  1]
[ 1  0  0  0  0  1  0  1  0  0 -1  0  0  0  0  1  0  0  0  0]
[ 1  0  0  1  0  0  1  0  0  0  0 -1  0  0  0  0  0  0  1  0]
[ 0  1  1  0  0  0  0  1  0  0  0  0 -1  0  0  0  0  0  1  0]
[ 0  1  0  1  0  1  0  0  0  0  0  0  0 -1  0  0  0  0  0  1]
[ 0  1  0  0  1  0  1  0  0  0  0  0  0  0 -1  1  0  0  0  0]
[ 0  0  1  1  0  0  0  0  1  0  1  0  0  0  1 -1  0  0  1  1]
[ 0  0  1  0  0  1  1  0  1  0  0  0  0  0  0  0 -1  0  0  0]
[ 0  0  0  1  1  0  0  1  1  0  0  0  0  0  0  0  0 -1  0  0]
[ 0  0  0  0  1  1  0  0  1  0  0  1  1  0  0  1  0  0 -1  1]
[ 0  0  0  0  0  0  1  1  1  1  0  0  0  1  0  1  0  0  1 -1]
Possible branch divisors:
(0 0 0 0 0 0 0 0 0)
{* *}
( 3  0  0 -3  0 -3 -3  0  0)
{* 1, 2^^2, 3^^2, 4, 7, 8^^2 *}
( 0  0  0 -3  0  0  0  3  0)
{* 1, 2^^2, 5^^2, 6, 7^^2, 8 *}
(-3  3  0  0  0  0  0  3  3)
{* 1^^2, 2, 5, 6^^2, 7, 8^^2 *}
(-3  0  0  0  3  0  0  3  3)
{* 3^^2, 4, 5, 6^^2, 7^^2, 8 *}
(-6  3  3  0  3  3  0  3  3)
{* 1, 2^^2, 3, 4^^2, 5, 6^^2 *}
( 3  0 -3 -3  0  0 -3  0  0)
{* 1^^2, 2, 3, 4^^2, 7^^2, 8 *}
(-3  3  0  0  3  0  0  3  0)
{* 1^^2, 2, 3^^2, 4, 5^^2, 6 *}
( 0  0  0  0  0  0 -3  3  0)
{* 3, 4^^2, 5^^2, 6, 7, 8^^2 *}
The quotient group Pic(X)/E:
Abelian Group isomorphic to Z/3 + Z/3 + Z
Defined on 3 generators
Relations:
    3*$.1 = 0
    3*$.2 = 0
