deg1, A8.txt
(-2)-curves:
[
    ( 0  1 -1  0  0  0  0  0  0),
    ( 0  0  1 -1  0  0  0  0  0),
    ( 0  0  0  1 -1  0  0  0  0),
    ( 0  0  0  0  1 -1  0  0  0),
    ( 0  0  0  0  0  1 -1  0  0),
    ( 0  0  0  0  0  0  1 -1  0),
    ( 0  0  0  0  0  0  0  1 -1),
    (-3  1  1  1  1  1  1  1  2)
]
# of (-1)-classes = 240
# of (-1)-curves = 3
list of (-1)-curves:
[*
    ( 6 -3 -2 -2 -2 -2 -2 -2 -2),
    ( 4 -2 -2 -2 -1 -1 -1 -1 -1),
    ( 5 -2 -2 -2 -2 -2 -2 -1 -1)
*]
The intersection matrix of negative curves:
[-2  1  0  0  0  0  0  0  1  0  0]
[ 1 -2  1  0  0  0  0  0  0  0  0]
[ 0  1 -2  1  0  0  0  0  0  1  0]
[ 0  0  1 -2  1  0  0  0  0  0  0]
[ 0  0  0  1 -2  1  0  0  0  0  0]
[ 0  0  0  0  1 -2  1  0  0  0  1]
[ 0  0  0  0  0  1 -2  1  0  0  0]
[ 0  0  0  0  0  0  1 -2  1  0  0]
[ 1  0  0  0  0  0  0  1 -1  0  0]
[ 0  0  1  0  0  0  0  0  0 -1  0]
[ 0  0  0  0  0  1  0  0  0  0 -1]
Possible branch divisors:
(0 0 0 0 0 0 0 0 0)
{* *}
(-6  3  3  0  3  3  0  3  3)
{* 1, 2^^2, 4, 5^^2, 7, 8^^2 *}
(-3  3  0  0  3  0  0  3  0)
{* 1^^2, 2, 4^^2, 5, 7^^2, 8 *}
The quotient group Pic(X)/E:
Abelian Group isomorphic to Z/3 + Z
Defined on 2 generators
Relations:
    3*$.1 = 0
