deg1, A2+4A1.txt
(-2)-curves:
[
    ( 1 -1 -1 -1  0  0  0  0  0),
    ( 0  0  0  1 -1  0  0  0  0),
    ( 0  0  0  0  0  1 -1  0  0),
    ( 0  0  0  0  0  0  0  1 -1),
    ( 1 -1  0  0  0 -1 -1  0  0),
    ( 1 -1  0  0  0  0  0 -1 -1)
]
# of (-1)-classes = 240
# of (-1)-curves = 36
list of (-1)-curves:
[*
    (0 1 0 0 0 0 0 0 0),
    ( 5 -1 -1 -2 -2 -2 -2 -2 -2),
    ( 3  0 -2 -1 -1 -1 -1 -1 -1),
    ( 2  0  0 -1  0 -1 -1 -1 -1),
    ( 2  0  0 -1 -1 -1  0 -1 -1),
    ( 2  0  0 -1 -1 -1 -1 -1  0),
    ( 3  0 -1 -2 -1 -1 -1 -1 -1),
    ( 2  0 -1  0  0 -1 -1 -1 -1),
    ( 5 -1 -2 -2 -1 -2 -2 -2 -2),
    ( 2  0 -1 -1  0 -1  0 -1 -1),
    ( 2  0 -1 -1  0 -1 -1 -1  0),
    ( 3  0 -1 -1 -1 -2 -1 -1 -1),
    ( 2  0 -1 -1 -1  0  0 -1 -1),
    ( 5 -1 -2 -2 -2 -2 -1 -2 -2),
    ( 2  0 -1 -1 -1 -1  0 -1  0),
    ( 3  0 -1 -1 -1 -1 -1 -2 -1),
    ( 2  0 -1 -1 -1 -1 -1  0  0),
    ( 5 -1 -2 -2 -2 -2 -2 -2 -1),
    (0 0 1 0 0 0 0 0 0),
    ( 3 -1  0 -2 -1 -1 -1 -1 -1),
    ( 1  0 -1  0  0 -1  0  0  0),
    ( 4 -1 -2 -1 -1 -2 -1 -2 -1),
    ( 2 -1  0 -1 -1 -1  0 -1  0),
    ( 1  0 -1  0  0  0  0 -1  0),
    ( 1  0  0 -1 -1  0  0  0  0),
    ( 4 -1 -1 -2 -2 -2 -1 -1 -1),
    ( 4 -1 -1 -2 -2 -1 -1 -2 -1),
    ( 1  0  0 -1  0 -1  0  0  0),
    ( 4 -1 -1 -2 -1 -2 -1 -2 -1),
    ( 1  0  0 -1  0  0  0 -1  0),
    (0 0 0 0 1 0 0 0 0),
    ( 3 -1 -1 -1 -1 -2  0 -1 -1),
    ( 1  0  0  0  0 -1  0 -1  0),
    (0 0 0 0 0 0 1 0 0),
    ( 3 -1 -1 -1 -1 -1 -1 -2  0),
    (0 0 0 0 0 0 0 0 1)
*]
The intersection matrix of negative curves:
[-2 1 0 0 0 0 1 1 0 1 1 1 0 1 0 0 0 1 0 0 0 1 0 0 1 0 0 0 0 0 0 0 0 0 0 0 0 0 1 
    0 0 0]
[1 -2 0 0 0 0 0 0 0 1 0 0 1 0 1 1 1 0 0 0 0 0 0 0 0 1 0 0 0 0 0 0 0 1 1 1 1 0 0 
    0 0 0]
[0 0 -2 0 0 0 0 0 0 0 1 0 0 0 0 1 0 1 0 1 1 0 0 0 0 0 1 1 1 0 0 1 0 1 1 0 0 2 1 
    1 0 0]
[0 0 0 -2 0 0 0 0 0 0 0 1 0 0 0 0 1 0 0 0 1 1 0 1 0 0 0 1 1 1 0 0 1 0 1 1 0 0 1 
    0 2 1]
[0 0 0 0 -2 0 1 0 1 0 1 0 1 0 0 1 0 0 2 1 1 1 0 0 0 0 0 0 0 1 1 0 1 0 0 1 0 0 0 
    1 0 0]
[0 0 0 0 0 -2 1 0 1 0 0 1 1 0 0 0 1 1 0 0 1 0 2 1 0 0 1 0 0 0 1 1 0 1 0 0 0 0 0 
    0 0 1]
[1 0 0 0 1 1 -1 1 0 0 0 0 0 0 1 0 0 0 0 1 0 0 0 1 0 1 0 1 1 0 0 1 1 0 1 0 0 1 0 
    0 1 0]
[1 0 0 0 0 0 1 -1 1 0 0 0 0 1 0 1 1 0 1 0 1 0 1 0 1 0 2 1 1 2 1 0 0 1 0 1 2 1 1 
    2 1 2]
[0 0 0 0 1 1 0 1 -1 1 1 1 0 0 0 0 0 0 0 0 0 0 0 0 2 2 0 0 2 0 1 1 1 1 1 1 1 1 1 
    1 1 1]
[1 1 0 0 0 0 0 0 1 -1 0 0 0 0 0 0 0 0 1 1 1 0 1 1 0 0 1 1 1 1 1 1 1 0 0 0 0 1 0 
    1 1 1]
[1 0 1 0 1 0 0 0 1 0 -1 0 0 1 1 0 1 0 0 0 0 0 1 1 0 0 1 1 0 1 0 0 0 0 0 0 1 0 0 
    0 1 1]
[1 0 0 1 0 1 0 0 1 0 0 -1 0 1 1 1 0 0 1 1 0 0 0 0 0 0 1 1 0 1 0 0 0 0 0 0 1 1 0 
    1 0 0]
[0 1 0 0 1 1 0 0 0 0 0 0 -1 1 0 0 0 0 0 0 0 0 0 0 1 0 1 1 1 1 0 0 0 0 0 0 1 1 1 
    1 1 1]
[1 0 0 0 0 0 0 1 0 0 1 1 1 -1 0 0 0 0 1 1 1 0 1 1 1 2 0 0 2 0 2 2 2 1 1 1 0 1 0 
    1 1 1]
[0 1 0 0 0 0 1 0 0 0 1 1 0 0 -1 0 0 0 1 0 1 0 1 0 2 1 1 0 2 1 2 1 1 1 0 1 1 1 1 
    2 1 2]
[0 1 1 0 1 0 0 1 0 0 0 1 0 0 0 -1 0 0 0 0 0 0 1 1 1 1 0 0 1 0 1 1 1 0 0 0 0 0 0 
    0 1 1]
[0 1 0 1 0 1 0 1 0 0 1 0 0 0 0 0 -1 0 1 1 0 0 0 0 1 1 0 0 1 0 1 1 1 0 0 0 0 1 0 
    1 0 0]
[1 0 1 0 0 1 0 0 0 0 0 0 0 0 0 0 0 -1 1 0 0 0 0 0 1 1 0 0 1 1 1 0 1 0 0 1 1 0 0 
    1 1 1]
[0 0 0 0 2 0 0 1 0 1 0 1 0 1 1 0 1 1 -1 0 0 0 1 1 1 1 1 1 1 0 0 1 0 1 1 0 1 1 1 
    0 1 1]
[0 0 1 0 1 0 1 0 0 1 0 1 0 1 0 0 1 0 0 -1 0 0 1 0 2 1 1 0 1 1 1 0 0 1 0 1 2 0 1 
    1 1 2]
[0 0 1 1 1 1 0 1 0 1 0 0 0 1 1 0 0 0 0 0 -1 0 0 0 1 1 0 0 0 0 0 0 0 0 0 0 1 0 0 
    0 0 0]
[1 0 0 1 1 0 0 0 0 0 0 0 0 0 0 0 0 0 0 0 0 -1 1 0 1 1 1 0 1 0 1 1 0 1 0 0 1 1 0 
    1 0 1]
[0 0 0 0 0 2 0 1 0 1 1 0 0 1 1 1 0 0 1 1 0 1 -1 0 1 1 0 1 1 1 0 0 1 0 1 1 1 1 1 
    1 1 0]
[0 0 0 1 0 1 1 0 0 1 1 0 0 1 0 1 0 0 1 0 0 0 0 -1 2 1 1 0 1 1 1 0 0 1 0 1 2 1 1 
    2 0 1]
[1 0 0 0 0 0 0 1 2 0 0 0 1 1 2 1 1 1 1 2 1 1 1 2 -1 0 1 2 0 1 0 1 1 0 1 0 0 1 0 
    0 1 0]
[0 1 0 0 0 0 1 0 2 0 0 0 0 2 1 1 1 1 1 1 1 1 1 1 0 -1 2 2 0 2 0 0 0 0 0 0 1 1 1 
    1 1 1]
[0 0 1 0 0 1 0 2 0 1 1 1 1 0 1 0 0 0 1 1 0 1 0 1 1 2 -1 0 1 0 1 1 2 0 1 1 0 0 0 
    0 1 0]
[0 0 1 1 0 0 1 1 0 1 1 1 1 0 0 0 0 0 1 0 0 0 1 0 2 2 0 -1 1 0 2 1 1 1 0 1 1 0 0 
    1 0 1]
[0 0 1 1 0 0 1 1 2 1 0 0 1 2 2 1 1 1 1 1 0 1 1 1 0 0 1 1 -1 1 0 0 0 0 0 0 1 0 0 
    0 0 0]
[0 0 0 1 1 0 0 2 0 1 1 1 1 0 1 0 0 1 0 1 0 0 1 1 1 2 0 0 1 -1 1 2 1 1 1 0 0 1 0 
    0 0 0]
[0 0 0 0 1 1 0 1 1 1 0 0 0 2 2 1 1 1 0 1 0 1 0 1 0 0 1 2 0 1 -1 0 0 0 1 0 1 1 1 
    0 1 0]
[0 0 1 0 0 1 1 0 1 1 0 0 0 2 1 1 1 0 1 0 0 1 0 0 1 0 1 1 0 2 0 -1 0 0 0 1 2 0 1 
    1 1 1]
[0 0 0 1 1 0 1 0 1 1 0 0 0 2 1 1 1 1 0 0 0 0 1 0 1 0 2 1 0 1 0 0 -1 1 0 0 2 1 1 
    1 0 1]
[0 1 1 0 0 1 0 1 1 0 0 0 0 1 1 0 0 0 1 1 0 1 0 1 0 0 0 1 0 1 0 0 1 -1 0 0 0 0 0 
    0 1 0]
[0 1 1 1 0 0 1 0 1 0 0 0 0 1 0 0 0 0 1 0 0 0 1 0 1 0 1 0 0 1 1 0 0 0 -1 0 1 0 0 
    1 0 1]
[0 1 0 1 1 0 0 1 1 0 0 0 0 1 1 0 0 1 0 1 0 0 1 1 0 0 1 1 0 0 0 1 0 0 0 -1 0 1 0 
    0 0 0]
[0 1 0 0 0 0 0 2 1 0 1 1 1 0 1 0 0 1 1 2 1 1 1 2 0 1 0 1 1 0 1 2 2 0 1 0 -1 1 0 
    0 1 0]
[0 0 2 0 0 0 1 1 1 1 0 1 1 1 1 0 1 0 1 0 0 1 1 1 1 1 0 0 0 1 1 0 1 0 0 1 1 -1 0 
    0 1 1]
[1 0 1 1 0 0 0 1 1 0 0 0 1 0 1 0 0 0 1 1 0 0 1 1 0 1 0 0 0 0 1 1 1 0 0 0 0 0 -1 
    0 0 0]
[0 0 1 0 1 0 0 2 1 1 0 1 1 1 2 0 1 1 0 1 0 1 1 2 0 1 0 1 0 0 0 1 1 0 1 0 0 0 0 
    -1 1 0]
[0 0 0 2 0 0 1 1 1 1 1 0 1 1 1 1 0 1 1 1 0 0 1 0 1 1 1 0 0 0 1 1 0 1 0 0 1 1 0 1
    -1 0]
[0 0 0 1 0 1 0 2 1 1 1 0 1 1 2 1 0 1 1 2 0 1 0 1 0 1 0 1 0 0 0 1 1 0 1 0 0 1 0 0
    0 -1]
Possible branch divisors:
(0 0 0 0 0 0 0 0 0)
{}
( 2 -2  0  0  0  0 -2  0 -2)
{ 3, 4, 5, 6 }
The quotient group Pic(X)/E:
Abelian Group isomorphic to Z/2 + Z + Z + Z
Defined on 4 generators
Relations:
    2*$.1 = 0
