deg1, A5+A2+A1.txt
(-2)-curves:
[
    ( 0  1 -1  0  0  0  0  0  0),
    ( 0  0  1 -1  0  0  0  0  0),
    ( 0  0  0  1 -1  0  0  0  0),
    ( 0  0  0  0  1 -1  0  0  0),
    ( 0  0  0  0  0  1 -1  0  0),
    ( 0  0  0  0  0  0  0  1 -1),
    ( 3 -1 -1 -1 -1 -1 -1 -2 -1),
    ( 2 -1 -1 -1 -1 -1 -1  0  0)
]
# of (-1)-classes = 240
# of (-1)-curves = 8
list of (-1)-curves:
[*
    ( 1 -1 -1  0  0  0  0  0  0),
    ( 3 -2 -1 -1 -1 -1  0 -1 -1),
    ( 1 -1  0  0  0  0  0 -1  0),
    ( 2 -1 -1 -1  0  0  0 -1 -1),
    ( 2 -1 -1 -1 -1  0  0 -1  0),
    (0 0 0 0 0 0 1 0 0),
    ( 1  0  0  0  0  0  0 -1 -1),
    (0 0 0 0 0 0 0 0 1)
*]
The intersection matrix of negative curves:
[-2  1  0  0  0  0  0  0  0  1  1  0  0  0  0  0]
[ 1 -2  1  0  0  0  0  0  1  0  0  0  0  0  0  0]
[ 0  1 -2  1  0  0  0  0  0  0  0  1  0  0  0  0]
[ 0  0  1 -2  1  0  0  0  0  0  0  0  1  0  0  0]
[ 0  0  0  1 -2  0  0  0  0  1  0  0  0  1  0  0]
[ 0  0  0  0  0 -2  1  0  0  0  1  0  1  0  0  1]
[ 0  0  0  0  0  1 -2  0  1  0  0  0  0  1  0  1]
[ 0  0  0  0  0  0  0 -2  0  0  1  1  0  1  2  0]
[ 0  1  0  0  0  0  1  0 -1  0  0  0  0  0  1  0]
[ 1  0  0  0  1  0  0  0  0 -1  0  0  0  0  1  1]
[ 1  0  0  0  0  1  0  1  0  0 -1  0  0  0  0  0]
[ 0  0  1  0  0  0  0  1  0  0  0 -1  0  0  0  1]
[ 0  0  0  1  0  1  0  0  0  0  0  0 -1  0  1  0]
[ 0  0  0  0  1  0  1  1  0  0  0  0  0 -1  0  0]
[ 0  0  0  0  0  0  0  2  1  1  0  0  1  0 -1  1]
[ 0  0  0  0  0  1  1  0  0  1  0  1  0  0  1 -1]
Possible branch divisors:
(0 0 0 0 0 0 0 0 0)
{* *}
( 6  0 -3 -3  0 -3 -3 -3 -3)
{* 1^^2, 2, 4^^2, 5, 6, 7^^2 *}
( 3  0  0 -3  0  0 -3  0 -3)
{* 1, 2^^2, 4, 5^^2, 6^^2, 7 *}
The quotient group Pic(X)/E:
Abelian Group isomorphic to Z/6 + Z
Defined on 2 generators
Relations:
    6*$.1 = 0
Possible branch divisors:
(0 0 0 0 0 0 0 0 0)
{}
( 2  0 -2  0 -2  0 -2  0  0)
{ 1, 3, 5, 8 }
The quotient group Pic(X)/E:
Abelian Group isomorphic to Z/6 + Z
Defined on 2 generators
Relations:
    6*$.1 = 0
