deg1, E6+A2.txt
(-2)-curves:
[
    ( 1 -1 -1 -1  0  0  0  0  0),
    ( 0  1 -1  0  0  0  0  0  0),
    ( 0  0  1 -1  0  0  0  0  0),
    ( 0  0  0  1 -1  0  0  0  0),
    ( 0  0  0  0  1 -1  0  0  0),
    ( 0  0  0  0  0  1 -1  0  0),
    ( 0  0  0  0  0  0  0  1 -1),
    (-3  1  1  1  1  1  1  1  2)
]
# of (-1)-classes = 240
# of (-1)-curves = 4
list of (-1)-curves:
[*
    ( 4 -2 -1 -1 -1 -1 -1 -2 -2),
    ( 3 -1 -1 -1 -1 -1  0 -2 -1),
    ( 6 -2 -2 -2 -2 -2 -2 -3 -2),
    ( 1  0  0  0  0  0  0 -1 -1)
*]
The intersection matrix of negative curves:
[-2  0  0  1  0  0  0  0  0  0  0  1]
[ 0 -2  1  0  0  0  0  0  1  0  0  0]
[ 0  1 -2  1  0  0  0  0  0  0  0  0]
[ 1  0  1 -2  1  0  0  0  0  0  0  0]
[ 0  0  0  1 -2  1  0  0  0  0  0  0]
[ 0  0  0  0  1 -2  0  0  0  1  0  0]
[ 0  0  0  0  0  0 -2  1  0  1  1  0]
[ 0  0  0  0  0  0  1 -2  1  0  1  0]
[ 0  1  0  0  0  0  0  1 -1  0  0  0]
[ 0  0  0  0  0  1  1  0  0 -1  0  0]
[ 0  0  0  0  0  0  1  1  0  0 -1  1]
[ 1  0  0  0  0  0  0  0  0  0  1 -1]
Possible branch divisors:
(0 0 0 0 0 0 0 0 0)
{* *}
(-3  3  0  0  3  0  0  3  0)
{* 2^^2, 3, 5^^2, 6, 7^^2, 8 *}
(-6  3  3  0  3  3  0  3  3)
{* 2, 3^^2, 5, 6^^2, 7, 8^^2 *}
The quotient group Pic(X)/E:
Abelian Group isomorphic to Z/3 + Z
Defined on 2 generators
Relations:
    3*$.1 = 0
