deg1, 2D4.txt
(-2)-curves:
[
    ( 1 -1 -1 -1  0  0  0  0  0),
    ( 0  0  1 -1  0  0  0  0  0),
    ( 0  0  0  1 -1  0  0  0  0),
    ( 0  0  0  0  1 -1  0  0  0),
    (-2  0  1  1  1  1  0  1  1),
    ( 1 -1  0  0  0  0  0 -1 -1),
    (-1  1  0  0  0  0  1  1  0),
    ( 3 -1 -1 -1 -1 -1 -2 -1 -1)
]
# of (-1)-classes = 240
# of (-1)-curves = 5
list of (-1)-curves:
[*
    ( 2  0 -1 -1  0  0 -1 -1 -1),
    ( 2  0 -1 -1 -1  0 -1 -1  0),
    ( 3  0 -1 -1 -1 -1 -1 -2 -1),
    ( 1  0 -1  0  0  0  0 -1  0),
    ( 3 -1 -1 -1 -1 -1 -1 -2  0)
*]
The intersection matrix of negative curves:
[-2  0  1  0  0  0  0  0  0  0  1  0  0]
[ 0 -2  1  0  0  0  0  0  0  0  0  1  0]
[ 1  1 -2  1  0  0  0  0  1  0  0  0  0]
[ 0  0  1 -2  0  0  0  0  0  1  0  0  0]
[ 0  0  0  0 -2  0  1  0  0  0  1  0  0]
[ 0  0  0  0  0 -2  1  0  0  1  0  0  0]
[ 0  0  0  0  1  1 -2  1  0  0  0  0  1]
[ 0  0  0  0  0  0  1 -2  0  0  0  1  0]
[ 0  0  1  0  0  0  0  0 -1  0  0  0  1]
[ 0  0  0  1  0  1  0  0  0 -1  0  0  0]
[ 1  0  0  0  1  0  0  0  0  0 -1  0  0]
[ 0  1  0  0  0  0  0  1  0  0  0 -1  0]
[ 0  0  0  0  0  0  1  0  1  0  0  0 -1]
Possible branch divisors:
(0 0 0 0 0 0 0 0 0)
{}
( 2 -2  0 -2  0  0 -2  0  0)
{ 1, 2, 5, 8 }
( 4 -2  0 -2  0 -2 -2 -2 -2)
{ 2, 4, 6, 8 }
( 0 -2  0  0  2  0  0  0  0)
{ 1, 4, 5, 6 }
The quotient group Pic(X)/E:
Abelian Group isomorphic to Z/2 + Z/2 + Z
Defined on 3 generators
Relations:
    2*$.1 = 0
    2*$.2 = 0
