deg2_5A1.txt
(-2)-curves:
[
    ( 2  0 -1 -1 -1 -1 -1 -1),
    ( 0  0  1 -1  0  0  0  0),
    ( 0  0  0  0  1 -1  0  0),
    ( 0  0  0  0  0  0  1 -1),
    ( 1 -1 -1 -1  0  0  0  0)
]
# of (-1)-classes = 56
# of (-1)-curves = 14
list of (-1)-curves:
[*
    (0 1 0 0 0 0 0 0),
    ( 1 -1  0  0 -1  0  0  0),
    ( 1 -1  0  0  0  0 -1  0),
    ( 2 -1  0  0 -1 -1 -1 -1),
    ( 1  0 -1  0 -1  0  0  0),
    ( 1  0 -1  0  0  0 -1  0),
    (0 0 0 1 0 0 0 0),
    ( 2 -1 -1  0 -1  0 -1 -1),
    ( 2 -1 -1  0 -1 -1 -1  0),
    ( 1  0  0  0 -1 -1  0  0),
    ( 1  0  0  0 -1  0 -1  0),
    (0 0 0 0 0 1 0 0),
    ( 1  0  0  0  0  0 -1 -1),
    (0 0 0 0 0 0 0 1)
*]
The intersection matrix of negative curves:
[-2  0  0  0  0  0  1  1  0  0  0  1  0  0  0  0  1  0  1]
[ 0 -2  0  0  0  0  0  0  0  1  1  1  1  1  0  0  0  0  0]
[ 0  0 -2  0  0  0  1  0  0  1  0  0  1  0  0  1  1  0  0]
[ 0  0  0 -2  0  0  0  1  0  0  1  0  0  1  0  1  0  0  1]
[ 0  0  0  0 -2  1  0  0  1  0  0  1  0  0  1  1  0  1  0]
[ 0  0  0  0  1 -1  1  1  1  0  0  0  1  1  0  0  0  0  0]
[ 1  0  1  0  0  1 -1  0  0  0  1  0  0  0  0  0  0  1  0]
[ 1  0  0  1  0  1  0 -1  0  1  0  0  0  0  1  0  0  0  0]
[ 0  0  0  0  1  1  0  0 -1  1  1  0  0  0  0  0  1  0  1]
[ 0  1  1  0  0  0  0  1  1 -1  0  0  0  0  0  0  0  1  0]
[ 0  1  0  1  0  0  1  0  1  0 -1  0  0  0  1  0  0  0  0]
[ 1  1  0  0  1  0  0  0  0  0  0 -1  0  0  0  0  0  0  0]
[ 0  1  1  0  0  1  0  0  0  0  0  0 -1  0  1  0  0  0  1]
[ 0  1  0  1  0  1  0  0  0  0  0  0  0 -1  0  0  1  1  0]
[ 0  0  0  0  1  0  0  1  0  0  1  0  1  0 -1  0  1  1  0]
[ 0  0  1  1  1  0  0  0  0  0  0  0  0  0  0 -1  0  0  0]
[ 1  0  1  0  0  0  0  0  1  0  0  0  0  1  1  0 -1  0  0]
[ 0  0  0  0  1  0  1  0  0  1  0  0  0  1  1  0  0 -1  1]
[ 1  0  0  1  0  0  0  0  1  0  0  0  1  0  0  0  0  1 -1]
The automorphism group of dual graph:
Permutation group AutoGroup acting on a set of cardinality 38
Order = 32 = 2^5
    (6, 18)(8, 19)(9, 15)(10, 13)(25, 37)(27, 38)(28, 34)(29, 32)
    (6, 9)(7, 17)(8, 19)(10, 13)(11, 14)(15, 18)(25, 28)(26, 36)(27, 38)(29, 
        32)(30, 33)(34, 37)
    (3, 4)(6, 15, 9, 18)(7, 8, 17, 19)(10, 14, 13, 11)(22, 23)(25, 34, 28, 
        37)(26, 27, 36, 38)(29, 33, 32, 30)
    (1, 2)(6, 15, 9, 18)(7, 13, 17, 10)(8, 11, 19, 14)(20, 21)(25, 34, 28, 
        37)(26, 32, 36, 29)(27, 30, 38, 33)
    (1, 3)(2, 4)(8, 13)(10, 19)(12, 16)(20, 22)(21, 23)(27, 32)(29, 38)(31, 35)
Group ID:
<32, 27>
================================
Subgroup No.1/65
Permutation group acting on a set of cardinality 38
Order = 1
Group ID:
<1, 1>
Picard rank = 8
================================
Subgroup No.2/65
Permutation group acting on a set of cardinality 38
Order = 2
    (6, 9)(7, 17)(8, 19)(10, 13)(11, 14)(15, 18)(25, 28)(26, 36)(27, 38)(29, 
        32)(30, 33)(34, 37)
Group ID:
<2, 1>
Picard rank = 6
================================
Subgroup No.3/65
Permutation group acting on a set of cardinality 38
Order = 2
    (1, 2)(3, 4)(6, 9)(7, 11)(8, 10)(13, 19)(14, 17)(15, 18)(20, 21)(22, 23)(25,
        28)(26, 30)(27, 29)(32, 38)(33, 36)(34, 37)
Group ID:
<2, 1>
Picard rank = 4
================================
Subgroup No.4/65
Permutation group acting on a set of cardinality 38
Order = 2
    (1, 2)(3, 4)(7, 14)(8, 13)(10, 19)(11, 17)(20, 21)(22, 23)(26, 33)(27, 
        32)(29, 38)(30, 36)
Group ID:
<2, 1>
Picard rank = 6
================================
Subgroup No.5/65
Permutation group acting on a set of cardinality 38
Order = 2
    (1, 3)(2, 4)(6, 9)(7, 17)(8, 10)(11, 14)(12, 16)(13, 19)(15, 18)(20, 22)(21,
        23)(25, 28)(26, 36)(27, 29)(30, 33)(31, 35)(32, 38)(34, 37)
Group ID:
<2, 1>
Picard rank = 4
================================
Subgroup No.6/65
Permutation group acting on a set of cardinality 38
Order = 2
    (1, 2)(3, 4)(6, 18)(7, 14)(8, 10)(9, 15)(11, 17)(13, 19)(20, 21)(22, 23)(25,
        37)(26, 33)(27, 29)(28, 34)(30, 36)(32, 38)
Group ID:
<2, 1>
Picard rank = 5
================================
Subgroup No.7/65
Permutation group acting on a set of cardinality 38
Order = 2
    (1, 3)(2, 4)(6, 18)(8, 10)(9, 15)(12, 16)(13, 19)(20, 22)(21, 23)(25, 
        37)(27, 29)(28, 34)(31, 35)(32, 38)
Group ID:
<2, 1>
Picard rank = 5
================================
Subgroup No.8/65
Permutation group acting on a set of cardinality 38
Order = 2
    (1, 3)(2, 4)(6, 15)(7, 17)(8, 13)(9, 18)(10, 19)(11, 14)(12, 16)(20, 22)(21,
        23)(25, 34)(26, 36)(27, 32)(28, 37)(29, 38)(30, 33)(31, 35)
Group ID:
<2, 1>
Picard rank = 5
================================
Subgroup No.9/65
Permutation group acting on a set of cardinality 38
Order = 2
    (1, 3)(2, 4)(8, 13)(10, 19)(12, 16)(20, 22)(21, 23)(27, 32)(29, 38)(31, 35)
Group ID:
<2, 1>
Picard rank = 6
================================
Subgroup No.10/65
Permutation group acting on a set of cardinality 38
Order = 2
    (6, 18)(8, 19)(9, 15)(10, 13)(25, 37)(27, 38)(28, 34)(29, 32)
Group ID:
<2, 1>
Picard rank = 7
================================
Subgroup No.11/65
Permutation group acting on a set of cardinality 38
Order = 2
    (3, 4)(7, 8)(10, 11)(13, 14)(15, 18)(17, 19)(22, 23)(26, 27)(29, 30)(32, 
        33)(34, 37)(36, 38)
Group ID:
<2, 1>
Picard rank = 6
================================
Subgroup No.12/65
Permutation group acting on a set of cardinality 38
Order = 4 = 2^2
    (1, 3)(2, 4)(6, 9)(7, 17)(8, 10)(11, 14)(12, 16)(13, 19)(15, 18)(20, 22)(21,
        23)(25, 28)(26, 36)(27, 29)(30, 33)(31, 35)(32, 38)(34, 37)
    (1, 2)(3, 4)(7, 14)(8, 13)(10, 19)(11, 17)(20, 21)(22, 23)(26, 33)(27, 
        32)(29, 38)(30, 36)
Group ID:
<4, 2>
Picard rank = 3
================================
Subgroup No.13/65
Permutation group acting on a set of cardinality 38
Order = 4 = 2^2
    (1, 3)(2, 4)(6, 18)(8, 10)(9, 15)(12, 16)(13, 19)(20, 22)(21, 23)(25, 
        37)(27, 29)(28, 34)(31, 35)(32, 38)
    (1, 2)(3, 4)(6, 9)(7, 11)(8, 10)(13, 19)(14, 17)(15, 18)(20, 21)(22, 23)(25,
        28)(26, 30)(27, 29)(32, 38)(33, 36)(34, 37)
Group ID:
<4, 2>
Picard rank = 3
================================
Subgroup No.14/65
Permutation group acting on a set of cardinality 38
Order = 4 = 2^2
    (1, 3)(2, 4)(6, 15)(7, 17)(8, 13)(9, 18)(10, 19)(11, 14)(12, 16)(20, 22)(21,
        23)(25, 34)(26, 36)(27, 32)(28, 37)(29, 38)(30, 33)(31, 35)
    (1, 2)(3, 4)(6, 9)(7, 11)(8, 10)(13, 19)(14, 17)(15, 18)(20, 21)(22, 23)(25,
        28)(26, 30)(27, 29)(32, 38)(33, 36)(34, 37)
Group ID:
<4, 2>
Picard rank = 3
================================
Subgroup No.15/65
Permutation group acting on a set of cardinality 38
Order = 4 = 2^2
    (6, 9)(7, 17)(8, 19)(10, 13)(11, 14)(15, 18)(25, 28)(26, 36)(27, 38)(29, 
        32)(30, 33)(34, 37)
    (1, 2)(3, 4)(7, 14)(8, 13)(10, 19)(11, 17)(20, 21)(22, 23)(26, 33)(27, 
        32)(29, 38)(30, 36)
Group ID:
<4, 2>
Picard rank = 4
================================
Subgroup No.16/65
Permutation group acting on a set of cardinality 38
Order = 4 = 2^2
    (6, 18)(8, 19)(9, 15)(10, 13)(25, 37)(27, 38)(28, 34)(29, 32)
    (6, 9)(7, 17)(8, 19)(10, 13)(11, 14)(15, 18)(25, 28)(26, 36)(27, 38)(29, 
        32)(30, 33)(34, 37)
Group ID:
<4, 2>
Picard rank = 6
================================
Subgroup No.17/65
Permutation group acting on a set of cardinality 38
Order = 4 = 2^2
    (1, 2)(3, 4)(6, 18)(7, 14)(8, 10)(9, 15)(11, 17)(13, 19)(20, 21)(22, 23)(25,
        37)(26, 33)(27, 29)(28, 34)(30, 36)(32, 38)
    (6, 9)(7, 17)(8, 19)(10, 13)(11, 14)(15, 18)(25, 28)(26, 36)(27, 38)(29, 
        32)(30, 33)(34, 37)
Group ID:
<4, 2>
Picard rank = 4
================================
Subgroup No.18/65
Permutation group acting on a set of cardinality 38
Order = 4 = 2^2
    (1, 3)(2, 4)(8, 13)(10, 19)(12, 16)(20, 22)(21, 23)(27, 32)(29, 38)(31, 35)
    (1, 2)(3, 4)(7, 14)(8, 13)(10, 19)(11, 17)(20, 21)(22, 23)(26, 33)(27, 
        32)(29, 38)(30, 36)
Group ID:
<4, 2>
Picard rank = 5
================================
Subgroup No.19/65
Permutation group acting on a set of cardinality 38
Order = 4 = 2^2
    (1, 3)(2, 4)(8, 13)(10, 19)(12, 16)(20, 22)(21, 23)(27, 32)(29, 38)(31, 35)
    (6, 9)(7, 17)(8, 19)(10, 13)(11, 14)(15, 18)(25, 28)(26, 36)(27, 38)(29, 
        32)(30, 33)(34, 37)
Group ID:
<4, 2>
Picard rank = 4
================================
Subgroup No.20/65
Permutation group acting on a set of cardinality 38
Order = 4 = 2^2
    (3, 4)(7, 8)(10, 11)(13, 14)(15, 18)(17, 19)(22, 23)(26, 27)(29, 30)(32, 
        33)(34, 37)(36, 38)
    (1, 2)(3, 4)(6, 9)(7, 11)(8, 10)(13, 19)(14, 17)(15, 18)(20, 21)(22, 23)(25,
        28)(26, 30)(27, 29)(32, 38)(33, 36)(34, 37)
Group ID:
<4, 2>
Picard rank = 4
================================
Subgroup No.21/65
Permutation group acting on a set of cardinality 38
Order = 4 = 2^2
    (1, 3)(2, 4)(6, 18)(8, 10)(9, 15)(12, 16)(13, 19)(20, 22)(21, 23)(25, 
        37)(27, 29)(28, 34)(31, 35)(32, 38)
    (1, 2)(3, 4)(7, 14)(8, 13)(10, 19)(11, 17)(20, 21)(22, 23)(26, 33)(27, 
        32)(29, 38)(30, 36)
Group ID:
<4, 2>
Picard rank = 4
================================
Subgroup No.22/65
Permutation group acting on a set of cardinality 38
Order = 4 = 2^2
    (1, 3, 2, 4)(7, 13, 14, 8)(10, 11, 19, 17)(12, 16)(15, 18)(20, 22, 21, 
        23)(26, 32, 33, 27)(29, 30, 38, 36)(31, 35)(34, 37)
    (1, 2)(3, 4)(7, 14)(8, 13)(10, 19)(11, 17)(20, 21)(22, 23)(26, 33)(27, 
        32)(29, 38)(30, 36)
Group ID:
<4, 1>
Picard rank = 4
================================
Subgroup No.23/65
Permutation group acting on a set of cardinality 38
Order = 4 = 2^2
    (3, 4)(6, 15, 9, 18)(7, 8, 17, 19)(10, 14, 13, 11)(22, 23)(25, 34, 28, 
        37)(26, 27, 36, 38)(29, 33, 32, 30)
    (6, 9)(7, 17)(8, 19)(10, 13)(11, 14)(15, 18)(25, 28)(26, 36)(27, 38)(29, 
        32)(30, 33)(34, 37)
Group ID:
<4, 1>
Picard rank = 5
================================
Subgroup No.24/65
Permutation group acting on a set of cardinality 38
Order = 4 = 2^2
    (1, 3, 2, 4)(6, 15, 9, 18)(7, 13, 11, 19)(8, 17, 10, 14)(12, 16)(20, 22, 21,
        23)(25, 34, 28, 37)(26, 32, 30, 38)(27, 36, 29, 33)(31, 35)
    (1, 2)(3, 4)(6, 9)(7, 11)(8, 10)(13, 19)(14, 17)(15, 18)(20, 21)(22, 23)(25,
        28)(26, 30)(27, 29)(32, 38)(33, 36)(34, 37)
Group ID:
<4, 1>
Picard rank = 3
================================
Subgroup No.25/65
Permutation group acting on a set of cardinality 38
Order = 4 = 2^2
    (3, 4)(7, 8)(10, 11)(13, 14)(15, 18)(17, 19)(22, 23)(26, 27)(29, 30)(32, 
        33)(34, 37)(36, 38)
    (1, 2)(3, 4)(7, 14)(8, 13)(10, 19)(11, 17)(20, 21)(22, 23)(26, 33)(27, 
        32)(29, 38)(30, 36)
Group ID:
<4, 2>
Picard rank = 5
================================
Subgroup No.26/65
Permutation group acting on a set of cardinality 38
Order = 4 = 2^2
    (6, 18)(8, 19)(9, 15)(10, 13)(25, 37)(27, 38)(28, 34)(29, 32)
    (1, 2)(3, 4)(7, 14)(8, 13)(10, 19)(11, 17)(20, 21)(22, 23)(26, 33)(27, 
        32)(29, 38)(30, 36)
Group ID:
<4, 2>
Picard rank = 5
================================
Subgroup No.27/65
Permutation group acting on a set of cardinality 38
Order = 4 = 2^2
    (6, 18)(8, 19)(9, 15)(10, 13)(25, 37)(27, 38)(28, 34)(29, 32)
    (1, 2)(3, 4)(6, 9)(7, 11)(8, 10)(13, 19)(14, 17)(15, 18)(20, 21)(22, 23)(25,
        28)(26, 30)(27, 29)(32, 38)(33, 36)(34, 37)
Group ID:
<4, 2>
Picard rank = 4
================================
Subgroup No.28/65
Permutation group acting on a set of cardinality 38
Order = 4 = 2^2
    (1, 3)(2, 4)(8, 13)(10, 19)(12, 16)(20, 22)(21, 23)(27, 32)(29, 38)(31, 35)
    (1, 2)(3, 4)(6, 9)(7, 11)(8, 10)(13, 19)(14, 17)(15, 18)(20, 21)(22, 23)(25,
        28)(26, 30)(27, 29)(32, 38)(33, 36)(34, 37)
Group ID:
<4, 2>
Picard rank = 3
================================
Subgroup No.29/65
Permutation group acting on a set of cardinality 38
Order = 4 = 2^2
    (1, 3)(2, 4)(6, 18)(8, 10)(9, 15)(12, 16)(13, 19)(20, 22)(21, 23)(25, 
        37)(27, 29)(28, 34)(31, 35)(32, 38)
    (6, 9)(7, 17)(8, 19)(10, 13)(11, 14)(15, 18)(25, 28)(26, 36)(27, 38)(29, 
        32)(30, 33)(34, 37)
Group ID:
<4, 2>
Picard rank = 4
================================
Subgroup No.30/65
Permutation group acting on a set of cardinality 38
Order = 4 = 2^2
    (3, 4)(7, 8)(10, 11)(13, 14)(15, 18)(17, 19)(22, 23)(26, 27)(29, 30)(32, 
        33)(34, 37)(36, 38)
    (6, 9)(7, 17)(8, 19)(10, 13)(11, 14)(15, 18)(25, 28)(26, 36)(27, 38)(29, 
        32)(30, 33)(34, 37)
Group ID:
<4, 2>
Picard rank = 5
================================
Subgroup No.31/65
Permutation group acting on a set of cardinality 38
Order = 4 = 2^2
    (6, 18)(8, 19)(9, 15)(10, 13)(25, 37)(27, 38)(28, 34)(29, 32)
    (1, 3)(2, 4)(8, 13)(10, 19)(12, 16)(20, 22)(21, 23)(27, 32)(29, 38)(31, 35)
Group ID:
<4, 2>
Picard rank = 5
================================
Subgroup No.32/65
Permutation group acting on a set of cardinality 38
Order = 4 = 2^2
    (6, 15)(7, 17)(9, 18)(11, 14)(25, 34)(26, 36)(28, 37)(30, 33)
    (1, 3)(2, 4)(8, 13)(10, 19)(12, 16)(20, 22)(21, 23)(27, 32)(29, 38)(31, 35)
Group ID:
<4, 2>
Picard rank = 5
================================
Subgroup No.33/65
Permutation group acting on a set of cardinality 38
Order = 4 = 2^2
    (1, 2)(3, 4)(6, 18)(7, 14)(8, 10)(9, 15)(11, 17)(13, 19)(20, 21)(22, 23)(25,
        37)(26, 33)(27, 29)(28, 34)(30, 36)(32, 38)
    (1, 3)(2, 4)(8, 13)(10, 19)(12, 16)(20, 22)(21, 23)(27, 32)(29, 38)(31, 35)
Group ID:
<4, 2>
Picard rank = 4
================================
Subgroup No.34/65
Permutation group acting on a set of cardinality 38
Order = 4 = 2^2
    (1, 2)(3, 4)(6, 15)(7, 11)(8, 13)(9, 18)(10, 19)(14, 17)(20, 21)(22, 23)(25,
        34)(26, 30)(27, 32)(28, 37)(29, 38)(33, 36)
    (1, 3)(2, 4)(8, 13)(10, 19)(12, 16)(20, 22)(21, 23)(27, 32)(29, 38)(31, 35)
Group ID:
<4, 2>
Picard rank = 4
================================
Subgroup No.35/65
Permutation group acting on a set of cardinality 38
Order = 4 = 2^2
    (6, 18)(8, 19)(9, 15)(10, 13)(25, 37)(27, 38)(28, 34)(29, 32)
    (1, 3)(2, 4)(6, 9)(7, 17)(8, 10)(11, 14)(12, 16)(13, 19)(15, 18)(20, 22)(21,
        23)(25, 28)(26, 36)(27, 29)(30, 33)(31, 35)(32, 38)(34, 37)
Group ID:
<4, 2>
Picard rank = 4
================================
Subgroup No.36/65
Permutation group acting on a set of cardinality 38
Order = 4 = 2^2
    (6, 15)(7, 17)(9, 18)(11, 14)(25, 34)(26, 36)(28, 37)(30, 33)
    (1, 3)(2, 4)(6, 9)(7, 17)(8, 10)(11, 14)(12, 16)(13, 19)(15, 18)(20, 22)(21,
        23)(25, 28)(26, 36)(27, 29)(30, 33)(31, 35)(32, 38)(34, 37)
Group ID:
<4, 2>
Picard rank = 4
================================
Subgroup No.37/65
Permutation group acting on a set of cardinality 38
Order = 4 = 2^2
    (1, 2)(3, 4)(6, 18)(7, 14)(8, 10)(9, 15)(11, 17)(13, 19)(20, 21)(22, 23)(25,
        37)(26, 33)(27, 29)(28, 34)(30, 36)(32, 38)
    (1, 3)(2, 4)(6, 9)(7, 17)(8, 10)(11, 14)(12, 16)(13, 19)(15, 18)(20, 22)(21,
        23)(25, 28)(26, 36)(27, 29)(30, 33)(31, 35)(32, 38)(34, 37)
Group ID:
<4, 2>
Picard rank = 3
================================
Subgroup No.38/65
Permutation group acting on a set of cardinality 38
Order = 4 = 2^2
    (1, 2)(3, 4)(6, 15)(7, 11)(8, 13)(9, 18)(10, 19)(14, 17)(20, 21)(22, 23)(25,
        34)(26, 30)(27, 32)(28, 37)(29, 38)(33, 36)
    (1, 3)(2, 4)(6, 9)(7, 17)(8, 10)(11, 14)(12, 16)(13, 19)(15, 18)(20, 22)(21,
        23)(25, 28)(26, 36)(27, 29)(30, 33)(31, 35)(32, 38)(34, 37)
Group ID:
<4, 2>
Picard rank = 3
================================
Subgroup No.39/65
Permutation group acting on a set of cardinality 38
Order = 8 = 2^3
    (1, 3)(2, 4)(8, 13)(10, 19)(12, 16)(20, 22)(21, 23)(27, 32)(29, 38)(31, 35)
    (6, 9)(7, 17)(8, 19)(10, 13)(11, 14)(15, 18)(25, 28)(26, 36)(27, 38)(29, 
        32)(30, 33)(34, 37)
    (1, 2)(3, 4)(7, 14)(8, 13)(10, 19)(11, 17)(20, 21)(22, 23)(26, 33)(27, 
        32)(29, 38)(30, 36)
Group ID:
<8, 5>
Picard rank = 3
================================
Subgroup No.40/65
Permutation group acting on a set of cardinality 38
Order = 8 = 2^3
    (6, 18)(8, 19)(9, 15)(10, 13)(25, 37)(27, 38)(28, 34)(29, 32)
    (6, 9)(7, 17)(8, 19)(10, 13)(11, 14)(15, 18)(25, 28)(26, 36)(27, 38)(29, 
        32)(30, 33)(34, 37)
    (1, 2)(3, 4)(7, 14)(8, 13)(10, 19)(11, 17)(20, 21)(22, 23)(26, 33)(27, 
        32)(29, 38)(30, 36)
Group ID:
<8, 5>
Picard rank = 4
================================
Subgroup No.41/65
Permutation group acting on a set of cardinality 38
Order = 8 = 2^3
    (1, 3, 2, 4)(7, 13, 14, 8)(10, 11, 19, 17)(12, 16)(15, 18)(20, 22, 21, 
        23)(26, 32, 33, 27)(29, 30, 38, 36)(31, 35)(34, 37)
    (6, 9)(7, 17)(8, 19)(10, 13)(11, 14)(15, 18)(25, 28)(26, 36)(27, 38)(29, 
        32)(30, 33)(34, 37)
    (1, 2)(3, 4)(7, 14)(8, 13)(10, 19)(11, 17)(20, 21)(22, 23)(26, 33)(27, 
        32)(29, 38)(30, 36)
Group ID:
<8, 2>
Picard rank = 3
================================
Subgroup No.42/65
Permutation group acting on a set of cardinality 38
Order = 8 = 2^3
    (3, 4)(7, 8)(10, 11)(13, 14)(15, 18)(17, 19)(22, 23)(26, 27)(29, 30)(32, 
        33)(34, 37)(36, 38)
    (6, 9)(7, 17)(8, 19)(10, 13)(11, 14)(15, 18)(25, 28)(26, 36)(27, 38)(29, 
        32)(30, 33)(34, 37)
    (1, 2)(3, 4)(7, 14)(8, 13)(10, 19)(11, 17)(20, 21)(22, 23)(26, 33)(27, 
        32)(29, 38)(30, 36)
Group ID:
<8, 5>
Picard rank = 4
================================
Subgroup No.43/65
Permutation group acting on a set of cardinality 38
Order = 8 = 2^3
    (3, 4)(6, 15, 9, 18)(7, 8, 17, 19)(10, 14, 13, 11)(22, 23)(25, 34, 28, 
        37)(26, 27, 36, 38)(29, 33, 32, 30)
    (6, 9)(7, 17)(8, 19)(10, 13)(11, 14)(15, 18)(25, 28)(26, 36)(27, 38)(29, 
        32)(30, 33)(34, 37)
    (1, 2)(3, 4)(7, 14)(8, 13)(10, 19)(11, 17)(20, 21)(22, 23)(26, 33)(27, 
        32)(29, 38)(30, 36)
Group ID:
<8, 2>
Picard rank = 4
================================
Subgroup No.44/65
Permutation group acting on a set of cardinality 38
Order = 8 = 2^3
    (1, 3)(2, 4)(6, 18)(8, 10)(9, 15)(12, 16)(13, 19)(20, 22)(21, 23)(25, 
        37)(27, 29)(28, 34)(31, 35)(32, 38)
    (6, 9)(7, 17)(8, 19)(10, 13)(11, 14)(15, 18)(25, 28)(26, 36)(27, 38)(29, 
        32)(30, 33)(34, 37)
    (1, 2)(3, 4)(7, 14)(8, 13)(10, 19)(11, 17)(20, 21)(22, 23)(26, 33)(27, 
        32)(29, 38)(30, 36)
Group ID:
<8, 5>
Picard rank = 3
================================
Subgroup No.45/65
Permutation group acting on a set of cardinality 38
Order = 8 = 2^3
    (1, 3, 2, 4)(6, 15, 9, 18)(7, 13, 11, 19)(8, 17, 10, 14)(12, 16)(20, 22, 21,
        23)(25, 34, 28, 37)(26, 32, 30, 38)(27, 36, 29, 33)(31, 35)
    (6, 9)(7, 17)(8, 19)(10, 13)(11, 14)(15, 18)(25, 28)(26, 36)(27, 38)(29, 
        32)(30, 33)(34, 37)
    (1, 2)(3, 4)(7, 14)(8, 13)(10, 19)(11, 17)(20, 21)(22, 23)(26, 33)(27, 
        32)(29, 38)(30, 36)
Group ID:
<8, 2>
Picard rank = 3
================================
Subgroup No.46/65
Permutation group acting on a set of cardinality 38
Order = 8 = 2^3
    (1, 2)(3, 4)(6, 18)(7, 14)(8, 10)(9, 15)(11, 17)(13, 19)(20, 21)(22, 23)(25,
        37)(26, 33)(27, 29)(28, 34)(30, 36)(32, 38)
    (3, 4)(6, 15, 9, 18)(7, 8, 17, 19)(10, 14, 13, 11)(22, 23)(25, 34, 28, 
        37)(26, 27, 36, 38)(29, 33, 32, 30)
    (6, 9)(7, 17)(8, 19)(10, 13)(11, 14)(15, 18)(25, 28)(26, 36)(27, 38)(29, 
        32)(30, 33)(34, 37)
Group ID:
<8, 3>
Picard rank = 4
================================
Subgroup No.47/65
Permutation group acting on a set of cardinality 38
Order = 8 = 2^3
    (1, 3)(2, 4)(6, 15)(7, 17)(8, 13)(9, 18)(10, 19)(11, 14)(12, 16)(20, 22)(21,
        23)(25, 34)(26, 36)(27, 32)(28, 37)(29, 38)(30, 33)(31, 35)
    (1, 3, 2, 4)(6, 15, 9, 18)(7, 13, 11, 19)(8, 17, 10, 14)(12, 16)(20, 22, 21,
        23)(25, 34, 28, 37)(26, 32, 30, 38)(27, 36, 29, 33)(31, 35)
    (1, 2)(3, 4)(6, 9)(7, 11)(8, 10)(13, 19)(14, 17)(15, 18)(20, 21)(22, 23)(25,
        28)(26, 30)(27, 29)(32, 38)(33, 36)(34, 37)
Group ID:
<8, 3>
Picard rank = 3
================================
Subgroup No.48/65
Permutation group acting on a set of cardinality 38
Order = 8 = 2^3
    (1, 3)(2, 4)(6, 18)(8, 10)(9, 15)(12, 16)(13, 19)(20, 22)(21, 23)(25, 
        37)(27, 29)(28, 34)(31, 35)(32, 38)
    (1, 3, 2, 4)(6, 15, 9, 18)(7, 13, 11, 19)(8, 17, 10, 14)(12, 16)(20, 22, 21,
        23)(25, 34, 28, 37)(26, 32, 30, 38)(27, 36, 29, 33)(31, 35)
    (1, 2)(3, 4)(6, 9)(7, 11)(8, 10)(13, 19)(14, 17)(15, 18)(20, 21)(22, 23)(25,
        28)(26, 30)(27, 29)(32, 38)(33, 36)(34, 37)
Group ID:
<8, 3>
Picard rank = 3
================================
Subgroup No.49/65
Permutation group acting on a set of cardinality 38
Order = 8 = 2^3
    (6, 18)(8, 19)(9, 15)(10, 13)(25, 37)(27, 38)(28, 34)(29, 32)
    (3, 4)(6, 15, 9, 18)(7, 8, 17, 19)(10, 14, 13, 11)(22, 23)(25, 34, 28, 
        37)(26, 27, 36, 38)(29, 33, 32, 30)
    (6, 9)(7, 17)(8, 19)(10, 13)(11, 14)(15, 18)(25, 28)(26, 36)(27, 38)(29, 
        32)(30, 33)(34, 37)
Group ID:
<8, 3>
Picard rank = 5
================================
Subgroup No.50/65
Permutation group acting on a set of cardinality 38
Order = 8 = 2^3
    (6, 18)(8, 19)(9, 15)(10, 13)(25, 37)(27, 38)(28, 34)(29, 32)
    (1, 3)(2, 4)(8, 13)(10, 19)(12, 16)(20, 22)(21, 23)(27, 32)(29, 38)(31, 35)
    (6, 9)(7, 17)(8, 19)(10, 13)(11, 14)(15, 18)(25, 28)(26, 36)(27, 38)(29, 
        32)(30, 33)(34, 37)
Group ID:
<8, 5>
Picard rank = 4
================================
Subgroup No.51/65
Permutation group acting on a set of cardinality 38
Order = 8 = 2^3
    (1, 2)(3, 4)(6, 18)(7, 14)(8, 10)(9, 15)(11, 17)(13, 19)(20, 21)(22, 23)(25,
        37)(26, 33)(27, 29)(28, 34)(30, 36)(32, 38)
    (1, 3)(2, 4)(8, 13)(10, 19)(12, 16)(20, 22)(21, 23)(27, 32)(29, 38)(31, 35)
    (6, 9)(7, 17)(8, 19)(10, 13)(11, 14)(15, 18)(25, 28)(26, 36)(27, 38)(29, 
        32)(30, 33)(34, 37)
Group ID:
<8, 5>
Picard rank = 3
================================
Subgroup No.52/65
Permutation group acting on a set of cardinality 38
Order = 8 = 2^3
    (6, 18)(8, 19)(9, 15)(10, 13)(25, 37)(27, 38)(28, 34)(29, 32)
    (1, 3)(2, 4)(8, 13)(10, 19)(12, 16)(20, 22)(21, 23)(27, 32)(29, 38)(31, 35)
    (1, 2)(3, 4)(6, 9)(7, 11)(8, 10)(13, 19)(14, 17)(15, 18)(20, 21)(22, 23)(25,
        28)(26, 30)(27, 29)(32, 38)(33, 36)(34, 37)
Group ID:
<8, 5>
Picard rank = 3
================================
Subgroup No.53/65
Permutation group acting on a set of cardinality 38
Order = 8 = 2^3
    (6, 15)(7, 17)(9, 18)(11, 14)(25, 34)(26, 36)(28, 37)(30, 33)
    (1, 3)(2, 4)(8, 13)(10, 19)(12, 16)(20, 22)(21, 23)(27, 32)(29, 38)(31, 35)
    (1, 2)(3, 4)(6, 9)(7, 11)(8, 10)(13, 19)(14, 17)(15, 18)(20, 21)(22, 23)(25,
        28)(26, 30)(27, 29)(32, 38)(33, 36)(34, 37)
Group ID:
<8, 5>
Picard rank = 3
================================
Subgroup No.54/65
Permutation group acting on a set of cardinality 38
Order = 8 = 2^3
    (6, 18)(8, 19)(9, 15)(10, 13)(25, 37)(27, 38)(28, 34)(29, 32)
    (1, 3)(2, 4)(8, 13)(10, 19)(12, 16)(20, 22)(21, 23)(27, 32)(29, 38)(31, 35)
    (1, 2)(3, 4)(7, 14)(8, 13)(10, 19)(11, 17)(20, 21)(22, 23)(26, 33)(27, 
        32)(29, 38)(30, 36)
Group ID:
<8, 5>
Picard rank = 4
================================
Subgroup No.55/65
Permutation group acting on a set of cardinality 38
Order = 8 = 2^3
    (6, 18)(8, 19)(9, 15)(10, 13)(25, 37)(27, 38)(28, 34)(29, 32)
    (1, 3)(2, 4)(6, 9)(7, 17)(8, 10)(11, 14)(12, 16)(13, 19)(15, 18)(20, 22)(21,
        23)(25, 28)(26, 36)(27, 29)(30, 33)(31, 35)(32, 38)(34, 37)
    (1, 2)(3, 4)(7, 14)(8, 13)(10, 19)(11, 17)(20, 21)(22, 23)(26, 33)(27, 
        32)(29, 38)(30, 36)
Group ID:
<8, 5>
Picard rank = 3
================================
Subgroup No.56/65
Permutation group acting on a set of cardinality 38
Order = 8 = 2^3
    (3, 4)(7, 8)(10, 11)(13, 14)(15, 18)(17, 19)(22, 23)(26, 27)(29, 30)(32, 
        33)(34, 37)(36, 38)
    (1, 3)(2, 4)(8, 13)(10, 19)(12, 16)(20, 22)(21, 23)(27, 32)(29, 38)(31, 35)
    (1, 2)(3, 4)(7, 14)(8, 13)(10, 19)(11, 17)(20, 21)(22, 23)(26, 33)(27, 
        32)(29, 38)(30, 36)
Group ID:
<8, 3>
Picard rank = 4
================================
Subgroup No.57/65
Permutation group acting on a set of cardinality 38
Order = 8 = 2^3
    (3, 4)(7, 8)(10, 11)(13, 14)(15, 18)(17, 19)(22, 23)(26, 27)(29, 30)(32, 
        33)(34, 37)(36, 38)
    (1, 3)(2, 4)(6, 9)(7, 17)(8, 10)(11, 14)(12, 16)(13, 19)(15, 18)(20, 22)(21,
        23)(25, 28)(26, 36)(27, 29)(30, 33)(31, 35)(32, 38)(34, 37)
    (1, 2)(3, 4)(7, 14)(8, 13)(10, 19)(11, 17)(20, 21)(22, 23)(26, 33)(27, 
        32)(29, 38)(30, 36)
Group ID:
<8, 3>
Picard rank = 3
================================
Subgroup No.58/65
Permutation group acting on a set of cardinality 38
Order = 16 = 2^4
    (6, 18)(8, 19)(9, 15)(10, 13)(25, 37)(27, 38)(28, 34)(29, 32)
    (1, 3, 2, 4)(6, 15, 9, 18)(7, 13, 11, 19)(8, 17, 10, 14)(12, 16)(20, 22, 21,
        23)(25, 34, 28, 37)(26, 32, 30, 38)(27, 36, 29, 33)(31, 35)
    (6, 9)(7, 17)(8, 19)(10, 13)(11, 14)(15, 18)(25, 28)(26, 36)(27, 38)(29, 
        32)(30, 33)(34, 37)
    (1, 2)(3, 4)(7, 14)(8, 13)(10, 19)(11, 17)(20, 21)(22, 23)(26, 33)(27, 
        32)(29, 38)(30, 36)
Group ID:
<16, 3>
Picard rank = 3
================================
Subgroup No.59/65
Permutation group acting on a set of cardinality 38
Order = 16 = 2^4
    (6, 18)(8, 19)(9, 15)(10, 13)(25, 37)(27, 38)(28, 34)(29, 32)
    (3, 4)(6, 15, 9, 18)(7, 8, 17, 19)(10, 14, 13, 11)(22, 23)(25, 34, 28, 
        37)(26, 27, 36, 38)(29, 33, 32, 30)
    (6, 9)(7, 17)(8, 19)(10, 13)(11, 14)(15, 18)(25, 28)(26, 36)(27, 38)(29, 
        32)(30, 33)(34, 37)
    (1, 2)(3, 4)(7, 14)(8, 13)(10, 19)(11, 17)(20, 21)(22, 23)(26, 33)(27, 
        32)(29, 38)(30, 36)
Group ID:
<16, 11>
Picard rank = 4
================================
Subgroup No.60/65
Permutation group acting on a set of cardinality 38
Order = 16 = 2^4
    (6, 18)(8, 19)(9, 15)(10, 13)(25, 37)(27, 38)(28, 34)(29, 32)
    (1, 3)(2, 4)(8, 13)(10, 19)(12, 16)(20, 22)(21, 23)(27, 32)(29, 38)(31, 35)
    (6, 9)(7, 17)(8, 19)(10, 13)(11, 14)(15, 18)(25, 28)(26, 36)(27, 38)(29, 
        32)(30, 33)(34, 37)
    (1, 2)(3, 4)(7, 14)(8, 13)(10, 19)(11, 17)(20, 21)(22, 23)(26, 33)(27, 
        32)(29, 38)(30, 36)
Group ID:
<16, 14>
Picard rank = 3
================================
Subgroup No.61/65
Permutation group acting on a set of cardinality 38
Order = 16 = 2^4
    (1, 3)(2, 4)(6, 18)(8, 10)(9, 15)(12, 16)(13, 19)(20, 22)(21, 23)(25, 
        37)(27, 29)(28, 34)(31, 35)(32, 38)
    (3, 4)(6, 15, 9, 18)(7, 8, 17, 19)(10, 14, 13, 11)(22, 23)(25, 34, 28, 
        37)(26, 27, 36, 38)(29, 33, 32, 30)
    (6, 9)(7, 17)(8, 19)(10, 13)(11, 14)(15, 18)(25, 28)(26, 36)(27, 38)(29, 
        32)(30, 33)(34, 37)
    (1, 2)(3, 4)(7, 14)(8, 13)(10, 19)(11, 17)(20, 21)(22, 23)(26, 33)(27, 
        32)(29, 38)(30, 36)
Group ID:
<16, 3>
Picard rank = 3
================================
Subgroup No.62/65
Permutation group acting on a set of cardinality 38
Order = 16 = 2^4
    (1, 3)(2, 4)(6, 18)(8, 10)(9, 15)(12, 16)(13, 19)(20, 22)(21, 23)(25, 
        37)(27, 29)(28, 34)(31, 35)(32, 38)
    (1, 3, 2, 4)(6, 15, 9, 18)(7, 13, 11, 19)(8, 17, 10, 14)(12, 16)(20, 22, 21,
        23)(25, 34, 28, 37)(26, 32, 30, 38)(27, 36, 29, 33)(31, 35)
    (6, 9)(7, 17)(8, 19)(10, 13)(11, 14)(15, 18)(25, 28)(26, 36)(27, 38)(29, 
        32)(30, 33)(34, 37)
    (1, 2)(3, 4)(7, 14)(8, 13)(10, 19)(11, 17)(20, 21)(22, 23)(26, 33)(27, 
        32)(29, 38)(30, 36)
Group ID:
<16, 11>
Picard rank = 3
================================
Subgroup No.63/65
Permutation group acting on a set of cardinality 38
Order = 16 = 2^4
    (3, 4)(7, 8)(10, 11)(13, 14)(15, 18)(17, 19)(22, 23)(26, 27)(29, 30)(32, 
        33)(34, 37)(36, 38)
    (1, 3)(2, 4)(8, 13)(10, 19)(12, 16)(20, 22)(21, 23)(27, 32)(29, 38)(31, 35)
    (6, 9)(7, 17)(8, 19)(10, 13)(11, 14)(15, 18)(25, 28)(26, 36)(27, 38)(29, 
        32)(30, 33)(34, 37)
    (1, 2)(3, 4)(7, 14)(8, 13)(10, 19)(11, 17)(20, 21)(22, 23)(26, 33)(27, 
        32)(29, 38)(30, 36)
Group ID:
<16, 11>
Picard rank = 3
================================
Subgroup No.64/65
Permutation group acting on a set of cardinality 38
Order = 16 = 2^4
    (3, 4)(6, 15, 9, 18)(7, 8, 17, 19)(10, 14, 13, 11)(22, 23)(25, 34, 28, 
        37)(26, 27, 36, 38)(29, 33, 32, 30)
    (1, 3)(2, 4)(8, 13)(10, 19)(12, 16)(20, 22)(21, 23)(27, 32)(29, 38)(31, 35)
    (6, 9)(7, 17)(8, 19)(10, 13)(11, 14)(15, 18)(25, 28)(26, 36)(27, 38)(29, 
        32)(30, 33)(34, 37)
    (1, 2)(3, 4)(7, 14)(8, 13)(10, 19)(11, 17)(20, 21)(22, 23)(26, 33)(27, 
        32)(29, 38)(30, 36)
Group ID:
<16, 3>
Picard rank = 3
================================
Subgroup No.65/65
Permutation group acting on a set of cardinality 38
Order = 32 = 2^5
    (6, 18)(8, 19)(9, 15)(10, 13)(25, 37)(27, 38)(28, 34)(29, 32)
    (3, 4)(6, 15, 9, 18)(7, 8, 17, 19)(10, 14, 13, 11)(22, 23)(25, 34, 28, 
        37)(26, 27, 36, 38)(29, 33, 32, 30)
    (1, 3)(2, 4)(8, 13)(10, 19)(12, 16)(20, 22)(21, 23)(27, 32)(29, 38)(31, 35)
    (6, 9)(7, 17)(8, 19)(10, 13)(11, 14)(15, 18)(25, 28)(26, 36)(27, 38)(29, 
        32)(30, 33)(34, 37)
    (1, 2)(3, 4)(7, 14)(8, 13)(10, 19)(11, 17)(20, 21)(22, 23)(26, 33)(27, 
        32)(29, 38)(30, 36)
Group ID:
<32, 27>
Picard rank = 3
================================
