deg2_6A1.txt
(-2)-curves:
[
    ( 0  0  1 -1  0  0  0  0),
    ( 0  0  0  0  1 -1  0  0),
    ( 0  0  0  0  0  0  1 -1),
    ( 1 -1 -1 -1  0  0  0  0),
    ( 2  0 -1 -1 -1 -1 -1 -1),
    ( 1 -1  0  0 -1 -1  0  0)
]
# of (-1)-classes = 56
# of (-1)-curves = 10
list of (-1)-curves:
[*
    (0 1 0 0 0 0 0 0),
    ( 1 -1  0  0  0  0 -1  0),
    ( 1  0 -1  0 -1  0  0  0),
    ( 1  0 -1  0  0  0 -1  0),
    (0 0 0 1 0 0 0 0),
    ( 2 -1 -1  0 -1  0 -1 -1),
    ( 1  0  0  0 -1  0 -1  0),
    (0 0 0 0 0 1 0 0),
    ( 1  0  0  0  0  0 -1 -1),
    (0 0 0 0 0 0 0 1)
*]
The intersection matrix of negative curves:
[-2  0  0  0  0  0  0  0  1  1  1  1  0  0  0  0]
[ 0 -2  0  0  0  0  0  0  1  0  0  1  1  1  0  0]
[ 0  0 -2  0  0  0  0  1  0  1  0  0  1  0  0  1]
[ 0  0  0 -2  0  0  1  0  0  0  1  0  1  0  1  0]
[ 0  0  0  0 -2  0  0  1  0  0  1  0  0  1  0  1]
[ 0  0  0  0  0 -2  1  0  0  1  0  0  0  1  1  0]
[ 0  0  0  1  0  1 -1  1  0  0  0  1  0  0  0  0]
[ 0  0  1  0  1  0  1 -1  1  0  0  0  0  0  0  0]
[ 1  1  0  0  0  0  0  1 -1  0  0  0  0  0  1  0]
[ 1  0  1  0  0  1  0  0  0 -1  0  0  0  0  0  0]
[ 1  0  0  1  1  0  0  0  0  0 -1  0  0  0  0  0]
[ 1  1  0  0  0  0  1  0  0  0  0 -1  0  0  0  1]
[ 0  1  1  1  0  0  0  0  0  0  0  0 -1  0  0  0]
[ 0  1  0  0  1  1  0  0  0  0  0  0  0 -1  0  0]
[ 0  0  0  1  0  1  0  0  1  0  0  0  0  0 -1  1]
[ 0  0  1  0  1  0  0  0  0  0  0  1  0  0  1 -1]
The automorphism group of dual graph:
Permutation group AutoGroup acting on a set of cardinality 32
Order = 48 = 2^4 * 3
    (7, 15)(8, 16)(9, 12)(23, 31)(24, 32)(25, 28)
    (3, 6)(4, 5)(7, 16)(8, 15)(13, 14)(19, 22)(20, 21)(23, 32)(24, 31)(29, 30)
    (1, 3)(2, 5)(8, 12)(9, 16)(11, 13)(17, 19)(18, 21)(24, 28)(25, 32)(27, 29)
    (3, 4)(5, 6)(7, 16)(8, 15)(10, 11)(19, 20)(21, 22)(23, 32)(24, 31)(26, 27)
Group ID:
<48, 48>
================================
Subgroup No.1/33
Permutation group acting on a set of cardinality 32
Order = 1
Group ID:
<1, 1>
Picard rank = 8
================================
Subgroup No.2/33
Permutation group acting on a set of cardinality 32
Order = 2
    (7, 15)(8, 16)(9, 12)(23, 31)(24, 32)(25, 28)
Group ID:
<2, 1>
Picard rank = 7
================================
Subgroup No.3/33
Permutation group acting on a set of cardinality 32
Order = 2
    (1, 2)(3, 5)(10, 14)(11, 13)(17, 18)(19, 21)(26, 30)(27, 29)
Group ID:
<2, 1>
Picard rank = 6
================================
Subgroup No.4/33
Permutation group acting on a set of cardinality 32
Order = 2
    (1, 2)(3, 5)(7, 15)(8, 16)(9, 12)(10, 14)(11, 13)(17, 18)(19, 21)(23, 
        31)(24, 32)(25, 28)(26, 30)(27, 29)
Group ID:
<2, 1>
Picard rank = 5
================================
Subgroup No.5/33
Permutation group acting on a set of cardinality 32
Order = 2
    (3, 6)(4, 5)(7, 16)(8, 15)(13, 14)(19, 22)(20, 21)(23, 32)(24, 31)(29, 30)
Group ID:
<2, 1>
Picard rank = 6
================================
Subgroup No.6/33
Permutation group acting on a set of cardinality 32
Order = 2
    (3, 6)(4, 5)(7, 8)(9, 12)(13, 14)(15, 16)(19, 22)(20, 21)(23, 24)(25, 
        28)(29, 30)(31, 32)
Group ID:
<2, 1>
Picard rank = 5
================================
Subgroup No.7/33
Permutation group acting on a set of cardinality 32
Order = 3
    (1, 6, 3)(2, 4, 5)(7, 16, 9)(8, 12, 15)(11, 14, 13)(17, 22, 19)(18, 20, 
        21)(23, 32, 25)(24, 28, 31)(27, 30, 29)
Group ID:
<3, 1>
Picard rank = 4
================================
Subgroup No.8/33
Permutation group acting on a set of cardinality 32
Order = 4 = 2^2
    (1, 2)(3, 5)(10, 14)(11, 13)(17, 18)(19, 21)(26, 30)(27, 29)
    (1, 2)(4, 6)(10, 13)(11, 14)(17, 18)(20, 22)(26, 29)(27, 30)
Group ID:
<4, 2>
Picard rank = 5
================================
Subgroup No.9/33
Permutation group acting on a set of cardinality 32
Order = 4 = 2^2
    (1, 2)(3, 6, 5, 4)(7, 16)(8, 15)(10, 14, 11, 13)(17, 18)(19, 22, 21, 20)(23,
        32)(24, 31)(26, 30, 27, 29)
    (3, 5)(4, 6)(10, 11)(13, 14)(19, 21)(20, 22)(26, 27)(29, 30)
Group ID:
<4, 1>
Picard rank = 4
================================
Subgroup No.10/33
Permutation group acting on a set of cardinality 32
Order = 4 = 2^2
    (3, 6)(4, 5)(7, 8)(9, 12)(13, 14)(15, 16)(19, 22)(20, 21)(23, 24)(25, 
        28)(29, 30)(31, 32)
    (3, 5)(4, 6)(10, 11)(13, 14)(19, 21)(20, 22)(26, 27)(29, 30)
Group ID:
<4, 2>
Picard rank = 4
================================
Subgroup No.11/33
Permutation group acting on a set of cardinality 32
Order = 4 = 2^2
    (1, 2)(3, 6, 5, 4)(7, 8)(9, 12)(10, 14, 11, 13)(15, 16)(17, 18)(19, 22, 21, 
        20)(23, 24)(25, 28)(26, 30, 27, 29)(31, 32)
    (3, 5)(4, 6)(10, 11)(13, 14)(19, 21)(20, 22)(26, 27)(29, 30)
Group ID:
<4, 1>
Picard rank = 3
================================
Subgroup No.12/33
Permutation group acting on a set of cardinality 32
Order = 4 = 2^2
    (1, 2)(4, 6)(7, 15)(8, 16)(9, 12)(10, 13)(11, 14)(17, 18)(20, 22)(23, 
        31)(24, 32)(25, 28)(26, 29)(27, 30)
    (1, 2)(3, 5)(10, 14)(11, 13)(17, 18)(19, 21)(26, 30)(27, 29)
Group ID:
<4, 2>
Picard rank = 4
================================
Subgroup No.13/33
Permutation group acting on a set of cardinality 32
Order = 4 = 2^2
    (7, 15)(8, 16)(9, 12)(23, 31)(24, 32)(25, 28)
    (1, 2)(3, 5)(10, 14)(11, 13)(17, 18)(19, 21)(26, 30)(27, 29)
Group ID:
<4, 2>
Picard rank = 5
================================
Subgroup No.14/33
Permutation group acting on a set of cardinality 32
Order = 4 = 2^2
    (3, 6)(4, 5)(7, 16)(8, 15)(13, 14)(19, 22)(20, 21)(23, 32)(24, 31)(29, 30)
    (3, 5)(4, 6)(10, 11)(13, 14)(19, 21)(20, 22)(26, 27)(29, 30)
Group ID:
<4, 2>
Picard rank = 5
================================
Subgroup No.15/33
Permutation group acting on a set of cardinality 32
Order = 4 = 2^2
    (3, 5)(4, 6)(7, 15)(8, 16)(9, 12)(10, 11)(13, 14)(19, 21)(20, 22)(23, 
        31)(24, 32)(25, 28)(26, 27)(29, 30)
    (3, 6)(4, 5)(7, 16)(8, 15)(13, 14)(19, 22)(20, 21)(23, 32)(24, 31)(29, 30)
Group ID:
<4, 2>
Picard rank = 4
================================
Subgroup No.16/33
Permutation group acting on a set of cardinality 32
Order = 4 = 2^2
    (7, 15)(8, 16)(9, 12)(23, 31)(24, 32)(25, 28)
    (3, 6)(4, 5)(7, 16)(8, 15)(13, 14)(19, 22)(20, 21)(23, 32)(24, 31)(29, 30)
Group ID:
<4, 2>
Picard rank = 5
================================
Subgroup No.17/33
Permutation group acting on a set of cardinality 32
Order = 6 = 2 * 3
    (3, 6)(4, 5)(7, 8)(9, 12)(13, 14)(15, 16)(19, 22)(20, 21)(23, 24)(25, 
        28)(29, 30)(31, 32)
    (1, 6, 3)(2, 4, 5)(7, 16, 9)(8, 12, 15)(11, 14, 13)(17, 22, 19)(18, 20, 
        21)(23, 32, 25)(24, 28, 31)(27, 30, 29)
Group ID:
<6, 1>
Picard rank = 3
================================
Subgroup No.18/33
Permutation group acting on a set of cardinality 32
Order = 6 = 2 * 3
    (7, 15)(8, 16)(9, 12)(23, 31)(24, 32)(25, 28)
    (1, 6, 3)(2, 4, 5)(7, 16, 9)(8, 12, 15)(11, 14, 13)(17, 22, 19)(18, 20, 
        21)(23, 32, 25)(24, 28, 31)(27, 30, 29)
Group ID:
<6, 2>
Picard rank = 3
================================
Subgroup No.19/33
Permutation group acting on a set of cardinality 32
Order = 6 = 2 * 3
    (3, 6)(4, 5)(7, 16)(8, 15)(13, 14)(19, 22)(20, 21)(23, 32)(24, 31)(29, 30)
    (1, 6, 3)(2, 4, 5)(7, 16, 9)(8, 12, 15)(11, 14, 13)(17, 22, 19)(18, 20, 
        21)(23, 32, 25)(24, 28, 31)(27, 30, 29)
Group ID:
<6, 1>
Picard rank = 4
================================
Subgroup No.20/33
Permutation group acting on a set of cardinality 32
Order = 8 = 2^3
    (7, 15)(8, 16)(9, 12)(23, 31)(24, 32)(25, 28)
    (1, 2)(3, 5)(10, 14)(11, 13)(17, 18)(19, 21)(26, 30)(27, 29)
    (1, 2)(4, 6)(10, 13)(11, 14)(17, 18)(20, 22)(26, 29)(27, 30)
Group ID:
<8, 5>
Picard rank = 4
================================
Subgroup No.21/33
Permutation group acting on a set of cardinality 32
Order = 8 = 2^3
    (1, 2)(3, 5)(7, 15)(8, 16)(9, 12)(10, 14)(11, 13)(17, 18)(19, 21)(23, 
        31)(24, 32)(25, 28)(26, 30)(27, 29)
    (1, 2)(3, 6, 5, 4)(7, 16)(8, 15)(10, 14, 11, 13)(17, 18)(19, 22, 21, 20)(23,
        32)(24, 31)(26, 30, 27, 29)
    (3, 5)(4, 6)(10, 11)(13, 14)(19, 21)(20, 22)(26, 27)(29, 30)
Group ID:
<8, 3>
Picard rank = 3
================================
Subgroup No.22/33
Permutation group acting on a set of cardinality 32
Order = 8 = 2^3
    (3, 6)(4, 5)(7, 16)(8, 15)(13, 14)(19, 22)(20, 21)(23, 32)(24, 31)(29, 30)
    (1, 2)(3, 5)(10, 14)(11, 13)(17, 18)(19, 21)(26, 30)(27, 29)
    (1, 2)(4, 6)(10, 13)(11, 14)(17, 18)(20, 22)(26, 29)(27, 30)
Group ID:
<8, 3>
Picard rank = 4
================================
Subgroup No.23/33
Permutation group acting on a set of cardinality 32
Order = 8 = 2^3
    (3, 6)(4, 5)(7, 8)(9, 12)(13, 14)(15, 16)(19, 22)(20, 21)(23, 24)(25, 
        28)(29, 30)(31, 32)
    (1, 2)(3, 5)(10, 14)(11, 13)(17, 18)(19, 21)(26, 30)(27, 29)
    (1, 2)(4, 6)(10, 13)(11, 14)(17, 18)(20, 22)(26, 29)(27, 30)
Group ID:
<8, 3>
Picard rank = 3
================================
Subgroup No.24/33
Permutation group acting on a set of cardinality 32
Order = 8 = 2^3
    (7, 15)(8, 16)(9, 12)(23, 31)(24, 32)(25, 28)
    (3, 6)(4, 5)(7, 16)(8, 15)(13, 14)(19, 22)(20, 21)(23, 32)(24, 31)(29, 30)
    (3, 5)(4, 6)(10, 11)(13, 14)(19, 21)(20, 22)(26, 27)(29, 30)
Group ID:
<8, 5>
Picard rank = 4
================================
Subgroup No.25/33
Permutation group acting on a set of cardinality 32
Order = 8 = 2^3
    (1, 2)(3, 5)(7, 15)(8, 16)(9, 12)(10, 14)(11, 13)(17, 18)(19, 21)(23, 
        31)(24, 32)(25, 28)(26, 30)(27, 29)
    (3, 6)(4, 5)(7, 16)(8, 15)(13, 14)(19, 22)(20, 21)(23, 32)(24, 31)(29, 30)
    (3, 5)(4, 6)(10, 11)(13, 14)(19, 21)(20, 22)(26, 27)(29, 30)
Group ID:
<8, 3>
Picard rank = 3
================================
Subgroup No.26/33
Permutation group acting on a set of cardinality 32
Order = 8 = 2^3
    (7, 15)(8, 16)(9, 12)(23, 31)(24, 32)(25, 28)
    (1, 2)(3, 6, 5, 4)(7, 16)(8, 15)(10, 14, 11, 13)(17, 18)(19, 22, 21, 20)(23,
        32)(24, 31)(26, 30, 27, 29)
    (3, 5)(4, 6)(10, 11)(13, 14)(19, 21)(20, 22)(26, 27)(29, 30)
Group ID:
<8, 2>
Picard rank = 3
================================
Subgroup No.27/33
Permutation group acting on a set of cardinality 32
Order = 12 = 2^2 * 3
    (1, 6, 3)(2, 4, 5)(7, 16, 9)(8, 12, 15)(11, 14, 13)(17, 22, 19)(18, 20, 
        21)(23, 32, 25)(24, 28, 31)(27, 30, 29)
    (1, 2)(3, 5)(10, 14)(11, 13)(17, 18)(19, 21)(26, 30)(27, 29)
    (1, 2)(4, 6)(10, 13)(11, 14)(17, 18)(20, 22)(26, 29)(27, 30)
Group ID:
<12, 3>
Picard rank = 3
================================
Subgroup No.28/33
Permutation group acting on a set of cardinality 32
Order = 12 = 2^2 * 3
    (7, 15)(8, 16)(9, 12)(23, 31)(24, 32)(25, 28)
    (3, 6)(4, 5)(7, 16)(8, 15)(13, 14)(19, 22)(20, 21)(23, 32)(24, 31)(29, 30)
    (1, 6, 3)(2, 4, 5)(7, 16, 9)(8, 12, 15)(11, 14, 13)(17, 22, 19)(18, 20, 
        21)(23, 32, 25)(24, 28, 31)(27, 30, 29)
Group ID:
<12, 4>
Picard rank = 3
================================
Subgroup No.29/33
Permutation group acting on a set of cardinality 32
Order = 16 = 2^4
    (7, 15)(8, 16)(9, 12)(23, 31)(24, 32)(25, 28)
    (3, 6)(4, 5)(7, 16)(8, 15)(13, 14)(19, 22)(20, 21)(23, 32)(24, 31)(29, 30)
    (1, 2)(3, 5)(10, 14)(11, 13)(17, 18)(19, 21)(26, 30)(27, 29)
    (1, 2)(4, 6)(10, 13)(11, 14)(17, 18)(20, 22)(26, 29)(27, 30)
Group ID:
<16, 11>
Picard rank = 3
================================
Subgroup No.30/33
Permutation group acting on a set of cardinality 32
Order = 24 = 2^3 * 3
    (7, 15)(8, 16)(9, 12)(23, 31)(24, 32)(25, 28)
    (1, 6, 3)(2, 4, 5)(7, 16, 9)(8, 12, 15)(11, 14, 13)(17, 22, 19)(18, 20, 
        21)(23, 32, 25)(24, 28, 31)(27, 30, 29)
    (1, 2)(3, 5)(10, 14)(11, 13)(17, 18)(19, 21)(26, 30)(27, 29)
    (1, 2)(4, 6)(10, 13)(11, 14)(17, 18)(20, 22)(26, 29)(27, 30)
Group ID:
<24, 13>
Picard rank = 2
================================
Subgroup No.31/33
Permutation group acting on a set of cardinality 32
Order = 24 = 2^3 * 3
    (3, 6)(4, 5)(7, 8)(9, 12)(13, 14)(15, 16)(19, 22)(20, 21)(23, 24)(25, 
        28)(29, 30)(31, 32)
    (1, 6, 3)(2, 4, 5)(7, 16, 9)(8, 12, 15)(11, 14, 13)(17, 22, 19)(18, 20, 
        21)(23, 32, 25)(24, 28, 31)(27, 30, 29)
    (1, 2)(3, 5)(10, 14)(11, 13)(17, 18)(19, 21)(26, 30)(27, 29)
    (1, 2)(4, 6)(10, 13)(11, 14)(17, 18)(20, 22)(26, 29)(27, 30)
Group ID:
<24, 12>
Picard rank = 2
================================
Subgroup No.32/33
Permutation group acting on a set of cardinality 32
Order = 24 = 2^3 * 3
    (3, 6)(4, 5)(7, 16)(8, 15)(13, 14)(19, 22)(20, 21)(23, 32)(24, 31)(29, 30)
    (1, 6, 3)(2, 4, 5)(7, 16, 9)(8, 12, 15)(11, 14, 13)(17, 22, 19)(18, 20, 
        21)(23, 32, 25)(24, 28, 31)(27, 30, 29)
    (1, 2)(3, 5)(10, 14)(11, 13)(17, 18)(19, 21)(26, 30)(27, 29)
    (1, 2)(4, 6)(10, 13)(11, 14)(17, 18)(20, 22)(26, 29)(27, 30)
Group ID:
<24, 12>
Picard rank = 3
================================
Subgroup No.33/33
Permutation group acting on a set of cardinality 32
Order = 48 = 2^4 * 3
    (7, 15)(8, 16)(9, 12)(23, 31)(24, 32)(25, 28)
    (3, 6)(4, 5)(7, 16)(8, 15)(13, 14)(19, 22)(20, 21)(23, 32)(24, 31)(29, 30)
    (1, 6, 3)(2, 4, 5)(7, 16, 9)(8, 12, 15)(11, 14, 13)(17, 22, 19)(18, 20, 
        21)(23, 32, 25)(24, 28, 31)(27, 30, 29)
    (1, 2)(3, 5)(10, 14)(11, 13)(17, 18)(19, 21)(26, 30)(27, 29)
    (1, 2)(4, 6)(10, 13)(11, 14)(17, 18)(20, 22)(26, 29)(27, 30)
Group ID:
<48, 48>
Picard rank = 2
================================
