deg2_3A2.txt
(-2)-curves:
[
    ( 0  1 -1  0  0  0  0  0),
    ( 2 -1  0 -1 -1 -1 -1 -1),
    ( 1 -1 -1 -1  0  0  0  0),
    ( 0  0  0  1 -1  0  0  0),
    ( 0  0  0  0  0  1 -1  0),
    ( 0  0  0  0  0  0  1 -1)
]
# of (-1)-classes = 56
# of (-1)-curves = 8
list of (-1)-curves:
[*
    ( 1 -1  0  0  0 -1  0  0),
    (0 0 1 0 0 0 0 0),
    ( 1  0  0 -1 -1  0  0  0),
    ( 2 -1 -1  0  0 -1 -1 -1),
    ( 1  0  0 -1  0 -1  0  0),
    (0 0 0 0 1 0 0 0),
    ( 1  0  0  0  0 -1 -1  0),
    (0 0 0 0 0 0 0 1)
*]
The intersection matrix of negative curves:
[-2  1  0  0  0  0  1  1  0  0  0  0  0  0]
[ 1 -2  0  0  0  0  0  0  0  0  0  1  0  1]
[ 0  0 -2  1  0  0  0  1  0  0  0  0  1  0]
[ 0  0  1 -2  0  0  0  0  0  0  1  1  0  0]
[ 0  0  0  0 -2  1  1  0  0  0  1  0  0  0]
[ 0  0  0  0  1 -2  0  0  0  0  0  0  1  1]
[ 1  0  0  0  1  0 -1  0  1  0  0  0  0  0]
[ 1  0  1  0  0  0  0 -1  0  1  0  0  0  0]
[ 0  0  0  0  0  0  1  0 -1  2  0  1  1  0]
[ 0  0  0  0  0  0  0  1  2 -1  1  0  0  1]
[ 0  0  0  1  1  0  0  0  0  1 -1  0  0  0]
[ 0  1  0  1  0  0  0  0  1  0  0 -1  0  0]
[ 0  0  1  0  0  1  0  0  1  0  0  0 -1  0]
[ 0  1  0  0  0  1  0  0  0  1  0  0  0 -1]
The automorphism group of dual graph:
Permutation group AutoGroup acting on a set of cardinality 28
Order = 12 = 2^2 * 3
    (1, 2)(3, 6)(4, 5)(7, 12)(8, 14)(15, 16)(17, 20)(18, 19)(21, 26)(22, 28)
    (1, 4, 6)(2, 3, 5)(7, 12, 13)(8, 11, 14)(15, 18, 20)(16, 17, 19)(21, 26, 
        27)(22, 25, 28)
    (3, 5)(4, 6)(7, 8)(9, 10)(11, 13)(12, 14)(17, 19)(18, 20)(21, 22)(23, 
        24)(25, 27)(26, 28)
Group ID:
<12, 4>
================================
Subgroup No.1/10
Permutation group acting on a set of cardinality 28
Order = 1
Group ID:
<1, 1>
Picard rank = 8
================================
Subgroup No.2/10
Permutation group acting on a set of cardinality 28
Order = 2
    (1, 2)(3, 4)(5, 6)(7, 14)(8, 12)(9, 10)(11, 13)(15, 16)(17, 18)(19, 20)(21, 
        28)(22, 26)(23, 24)(25, 27)
Group ID:
<2, 1>
Picard rank = 4
================================
Subgroup No.3/10
Permutation group acting on a set of cardinality 28
Order = 2
    (3, 5)(4, 6)(7, 8)(9, 10)(11, 13)(12, 14)(17, 19)(18, 20)(21, 22)(23, 
        24)(25, 27)(26, 28)
Group ID:
<2, 1>
Picard rank = 5
================================
Subgroup No.4/10
Permutation group acting on a set of cardinality 28
Order = 2
    (1, 2)(3, 6)(4, 5)(7, 12)(8, 14)(15, 16)(17, 20)(18, 19)(21, 26)(22, 28)
Group ID:
<2, 1>
Picard rank = 5
================================
Subgroup No.5/10
Permutation group acting on a set of cardinality 28
Order = 3
    (1, 6, 4)(2, 5, 3)(7, 13, 12)(8, 14, 11)(15, 20, 18)(16, 19, 17)(21, 27, 
        26)(22, 28, 25)
Group ID:
<3, 1>
Picard rank = 4
================================
Subgroup No.6/10
Permutation group acting on a set of cardinality 28
Order = 4 = 2^2
    (1, 2)(3, 6)(4, 5)(7, 12)(8, 14)(15, 16)(17, 20)(18, 19)(21, 26)(22, 28)
    (3, 5)(4, 6)(7, 8)(9, 10)(11, 13)(12, 14)(17, 19)(18, 20)(21, 22)(23, 
        24)(25, 27)(26, 28)
Group ID:
<4, 2>
Picard rank = 3
================================
Subgroup No.7/10
Permutation group acting on a set of cardinality 28
Order = 6 = 2 * 3
    (1, 2)(3, 4)(5, 6)(7, 14)(8, 12)(9, 10)(11, 13)(15, 16)(17, 18)(19, 20)(21, 
        28)(22, 26)(23, 24)(25, 27)
    (1, 6, 4)(2, 5, 3)(7, 13, 12)(8, 14, 11)(15, 20, 18)(16, 19, 17)(21, 27, 
        26)(22, 28, 25)
Group ID:
<6, 2>
Picard rank = 2
================================
Subgroup No.8/10
Permutation group acting on a set of cardinality 28
Order = 6 = 2 * 3
    (3, 5)(4, 6)(7, 8)(9, 10)(11, 13)(12, 14)(17, 19)(18, 20)(21, 22)(23, 
        24)(25, 27)(26, 28)
    (1, 6, 4)(2, 5, 3)(7, 13, 12)(8, 14, 11)(15, 20, 18)(16, 19, 17)(21, 27, 
        26)(22, 28, 25)
Group ID:
<6, 1>
Picard rank = 3
================================
Subgroup No.9/10
Permutation group acting on a set of cardinality 28
Order = 6 = 2 * 3
    (1, 2)(3, 6)(4, 5)(7, 12)(8, 14)(15, 16)(17, 20)(18, 19)(21, 26)(22, 28)
    (1, 6, 4)(2, 5, 3)(7, 13, 12)(8, 14, 11)(15, 20, 18)(16, 19, 17)(21, 27, 
        26)(22, 28, 25)
Group ID:
<6, 1>
Picard rank = 3
================================
Subgroup No.10/10
Permutation group acting on a set of cardinality 28
Order = 12 = 2^2 * 3
    (1, 2)(3, 6)(4, 5)(7, 12)(8, 14)(15, 16)(17, 20)(18, 19)(21, 26)(22, 28)
    (3, 5)(4, 6)(7, 8)(9, 10)(11, 13)(12, 14)(17, 19)(18, 20)(21, 22)(23, 
        24)(25, 27)(26, 28)
    (1, 6, 4)(2, 5, 3)(7, 13, 12)(8, 14, 11)(15, 20, 18)(16, 19, 17)(21, 27, 
        26)(22, 28, 25)
Group ID:
<12, 4>
Picard rank = 2
================================
