deg2_A3+2A1.txt
(-2)-curves:
[
    ( 0  0  0  0  1 -1  0  0),
    ( 0  0  0  0  0  1 -1  0),
    ( 0  0  0  0  0  0  1 -1),
    ( 1 -1 -1 -1  0  0  0  0),
    ( 0  0  1 -1  0  0  0  0)
]
# of (-1)-classes = 56
# of (-1)-curves = 11
list of (-1)-curves:
[*
    (0 1 0 0 0 0 0 0),
    ( 2  0 -1  0 -1 -1 -1 -1),
    ( 1 -1  0  0 -1  0  0  0),
    ( 2  0 -1 -1 -1 -1 -1  0),
    ( 2 -1  0  0 -1 -1 -1 -1),
    ( 1  0 -1  0 -1  0  0  0),
    (0 0 0 1 0 0 0 0),
    ( 2 -1 -1  0 -1 -1 -1  0),
    ( 3 -1 -1 -1 -2 -1 -1 -1),
    ( 1  0  0  0 -1 -1  0  0),
    (0 0 0 0 0 0 0 1)
*]
The intersection matrix of negative curves:
[-2  1  0  0  0  0  0  1  0  0  1  0  0  1  0  0]
[ 1 -2  1  0  0  0  0  0  0  0  0  0  0  0  1  0]
[ 0  1 -2  0  0  0  0  0  1  0  0  0  1  0  0  1]
[ 0  0  0 -2  0  1  1  0  0  1  0  1  0  0  1  0]
[ 0  0  0  0 -2  0  1  0  0  0  1  1  1  0  0  0]
[ 0  0  0  1  0 -1  0  1  0  1  0  0  1  1  0  0]
[ 0  0  0  1  1  0 -1  1  0  0  0  0  0  0  0  1]
[ 1  0  0  0  0  1  1 -1  1  0  0  0  0  0  0  0]
[ 0  0  1  0  0  0  0  1 -1  1  0  1  0  0  0  0]
[ 0  0  0  1  0  1  0  0  1 -1  1  0  0  0  0  1]
[ 1  0  0  0  1  0  0  0  0  1 -1  0  0  0  0  0]
[ 0  0  0  1  1  0  0  0  1  0  0 -1  0  1  0  0]
[ 0  0  1  0  1  1  0  0  0  0  0  0 -1  0  0  0]
[ 1  0  0  0  0  1  0  0  0  0  0  1  0 -1  0  1]
[ 0  1  0  1  0  0  0  0  0  0  0  0  0  0 -1  0]
[ 0  0  1  0  0  0  1  0  0  1  0  0  0  1  0 -1]
The automorphism group of dual graph:
Permutation group AutoGroup acting on a set of cardinality 32
Order = 4 = 2^2
    (7, 12)(8, 14)(9, 16)(23, 28)(24, 30)(25, 32)
    (1, 3)(6, 10)(7, 12)(8, 9)(11, 13)(14, 16)(17, 19)(22, 26)(23, 28)(24, 
        25)(27, 29)(30, 32)
Group ID:
<4, 2>
================================
Subgroup No.1/5
Permutation group acting on a set of cardinality 32
Order = 1
Group ID:
<1, 1>
Picard rank = 8
================================
Subgroup No.2/5
Permutation group acting on a set of cardinality 32
Order = 2
    (7, 12)(8, 14)(9, 16)(23, 28)(24, 30)(25, 32)
Group ID:
<2, 1>
Picard rank = 7
================================
Subgroup No.3/5
Permutation group acting on a set of cardinality 32
Order = 2
    (1, 3)(6, 10)(8, 16)(9, 14)(11, 13)(17, 19)(22, 26)(24, 32)(25, 30)(27, 29)
Group ID:
<2, 1>
Picard rank = 6
================================
Subgroup No.4/5
Permutation group acting on a set of cardinality 32
Order = 2
    (1, 3)(6, 10)(7, 12)(8, 9)(11, 13)(14, 16)(17, 19)(22, 26)(23, 28)(24, 
        25)(27, 29)(30, 32)
Group ID:
<2, 1>
Picard rank = 5
================================
Subgroup No.5/5
Permutation group acting on a set of cardinality 32
Order = 4 = 2^2
    (7, 12)(8, 14)(9, 16)(23, 28)(24, 30)(25, 32)
    (1, 3)(6, 10)(7, 12)(8, 9)(11, 13)(14, 16)(17, 19)(22, 26)(23, 28)(24, 
        25)(27, 29)(30, 32)
Group ID:
<4, 2>
Picard rank = 5
================================
