deg2_A3+2A1(12l).txt
(-2)-curves:
[
    ( 0  0  1 -1  0  0  0  0),
    ( 0  0  0  1 -1  0  0  0),
    ( 0  0  0  0  1 -1  0  0),
    ( 0  0  0  0  0  0  1 -1),
    ( 2  0 -1 -1 -1 -1 -1 -1)
]
# of (-1)-classes = 56
# of (-1)-curves = 12
list of (-1)-curves:
[*
    (0 1 0 0 0 0 0 0),
    ( 3 -2 -1 -1 -1 -1 -1 -1),
    ( 1 -1 -1  0  0  0  0  0),
    ( 1 -1  0  0  0  0 -1  0),
    ( 1  0 -1 -1  0  0  0  0),
    ( 1  0 -1  0  0  0 -1  0),
    ( 2 -1 -1 -1  0  0 -1 -1),
    (0 0 0 0 0 1 0 0),
    ( 2 -1 -1 -1 -1  0 -1  0),
    ( 1  0  0  0  0  0 -1 -1),
    ( 2 -1 -1 -1 -1 -1  0  0),
    (0 0 0 0 0 0 0 1)
*]
The intersection matrix of negative curves:
[-2  1  0  0  0  0  0  1  0  0  1  0  0  0  0  0  0]
[ 1 -2  1  0  0  0  0  0  0  1  0  1  0  0  0  0  0]
[ 0  1 -2  0  0  0  0  0  0  0  0  0  1  1  0  0  0]
[ 0  0  0 -2  0  0  0  0  1  0  1  0  0  1  0  0  1]
[ 0  0  0  0 -2  0  0  1  1  0  0  0  1  0  0  0  1]
[ 0  0  0  0  0 -1  2  1  1  0  0  1  0  1  0  1  0]
[ 0  0  0  0  0  2 -1  0  0  1  1  0  1  0  1  0  1]
[ 1  0  0  0  1  1  0 -1  0  0  0  0  0  0  1  0  0]
[ 0  0  0  1  1  1  0  0 -1  1  0  0  0  0  0  1  0]
[ 0  1  0  0  0  0  1  0  1 -1  0  0  0  0  1  0  0]
[ 1  0  0  1  0  0  1  0  0  0 -1  0  0  0  0  1  0]
[ 0  1  0  0  0  1  0  0  0  0  0 -1  0  0  0  1  1]
[ 0  0  1  0  1  0  1  0  0  0  0  0 -1  0  0  1  0]
[ 0  0  1  1  0  1  0  0  0  0  0  0  0 -1  1  0  0]
[ 0  0  0  0  0  0  1  1  0  1  0  0  0  1 -1  2  1]
[ 0  0  0  0  0  1  0  0  1  0  1  1  1  0  2 -1  0]
[ 0  0  0  1  1  0  1  0  0  0  0  1  0  0  1  0 -1]
The automorphism group of dual graph:
Permutation group AutoGroup acting on a set of cardinality 34
Order = 8 = 2^3
    (6, 15)(7, 16)(9, 17)(10, 12)(23, 32)(24, 33)(26, 34)(27, 29)
    (1, 3)(6, 16)(7, 15)(8, 13)(11, 14)(18, 20)(23, 33)(24, 32)(25, 30)(28, 31)
    (4, 5)(6, 16)(7, 15)(8, 11)(13, 14)(21, 22)(23, 33)(24, 32)(25, 28)(30, 31)
Group ID:
<8, 5>
================================
Subgroup No.1/16
Permutation group acting on a set of cardinality 34
Order = 1
Group ID:
<1, 1>
Picard rank = 8
================================
Subgroup No.2/16
Permutation group acting on a set of cardinality 34
Order = 2
    (4, 5)(6, 16)(7, 15)(8, 11)(13, 14)(21, 22)(23, 33)(24, 32)(25, 28)(30, 31)
Group ID:
<2, 1>
Picard rank = 6
================================
Subgroup No.3/16
Permutation group acting on a set of cardinality 34
Order = 2
    (1, 3)(6, 7)(8, 13)(9, 17)(10, 12)(11, 14)(15, 16)(18, 20)(23, 24)(25, 
        30)(26, 34)(27, 29)(28, 31)(32, 33)
Group ID:
<2, 1>
Picard rank = 5
================================
Subgroup No.4/16
Permutation group acting on a set of cardinality 34
Order = 2
    (4, 5)(6, 7)(8, 11)(9, 17)(10, 12)(13, 14)(15, 16)(21, 22)(23, 24)(25, 
        28)(26, 34)(27, 29)(30, 31)(32, 33)
Group ID:
<2, 1>
Picard rank = 5
================================
Subgroup No.5/16
Permutation group acting on a set of cardinality 34
Order = 2
    (1, 3)(4, 5)(6, 15)(7, 16)(8, 14)(9, 17)(10, 12)(11, 13)(18, 20)(21, 22)(23,
        32)(24, 33)(25, 31)(26, 34)(27, 29)(28, 30)
Group ID:
<2, 1>
Picard rank = 5
================================
Subgroup No.6/16
Permutation group acting on a set of cardinality 34
Order = 2
    (1, 3)(6, 16)(7, 15)(8, 13)(11, 14)(18, 20)(23, 33)(24, 32)(25, 30)(28, 31)
Group ID:
<2, 1>
Picard rank = 6
================================
Subgroup No.7/16
Permutation group acting on a set of cardinality 34
Order = 2
    (1, 3)(4, 5)(8, 14)(11, 13)(18, 20)(21, 22)(25, 31)(28, 30)
Group ID:
<2, 1>
Picard rank = 6
================================
Subgroup No.8/16
Permutation group acting on a set of cardinality 34
Order = 2
    (6, 15)(7, 16)(9, 17)(10, 12)(23, 32)(24, 33)(26, 34)(27, 29)
Group ID:
<2, 1>
Picard rank = 7
================================
Subgroup No.9/16
Permutation group acting on a set of cardinality 34
Order = 4 = 2^2
    (6, 15)(7, 16)(9, 17)(10, 12)(23, 32)(24, 33)(26, 34)(27, 29)
    (1, 3)(6, 16)(7, 15)(8, 13)(11, 14)(18, 20)(23, 33)(24, 32)(25, 30)(28, 31)
Group ID:
<4, 2>
Picard rank = 5
================================
Subgroup No.10/16
Permutation group acting on a set of cardinality 34
Order = 4 = 2^2
    (4, 5)(6, 7)(8, 11)(9, 17)(10, 12)(13, 14)(15, 16)(21, 22)(23, 24)(25, 
        28)(26, 34)(27, 29)(30, 31)(32, 33)
    (1, 3)(6, 16)(7, 15)(8, 13)(11, 14)(18, 20)(23, 33)(24, 32)(25, 30)(28, 31)
Group ID:
<4, 2>
Picard rank = 4
================================
Subgroup No.11/16
Permutation group acting on a set of cardinality 34
Order = 4 = 2^2
    (6, 15)(7, 16)(9, 17)(10, 12)(23, 32)(24, 33)(26, 34)(27, 29)
    (1, 3)(4, 5)(8, 14)(11, 13)(18, 20)(21, 22)(25, 31)(28, 30)
Group ID:
<4, 2>
Picard rank = 5
================================
Subgroup No.12/16
Permutation group acting on a set of cardinality 34
Order = 4 = 2^2
    (4, 5)(6, 7)(8, 11)(9, 17)(10, 12)(13, 14)(15, 16)(21, 22)(23, 24)(25, 
        28)(26, 34)(27, 29)(30, 31)(32, 33)
    (1, 3)(4, 5)(8, 14)(11, 13)(18, 20)(21, 22)(25, 31)(28, 30)
Group ID:
<4, 2>
Picard rank = 4
================================
Subgroup No.13/16
Permutation group acting on a set of cardinality 34
Order = 4 = 2^2
    (6, 15)(7, 16)(9, 17)(10, 12)(23, 32)(24, 33)(26, 34)(27, 29)
    (4, 5)(6, 16)(7, 15)(8, 11)(13, 14)(21, 22)(23, 33)(24, 32)(25, 28)(30, 31)
Group ID:
<4, 2>
Picard rank = 5
================================
Subgroup No.14/16
Permutation group acting on a set of cardinality 34
Order = 4 = 2^2
    (1, 3)(6, 7)(8, 13)(9, 17)(10, 12)(11, 14)(15, 16)(18, 20)(23, 24)(25, 
        30)(26, 34)(27, 29)(28, 31)(32, 33)
    (4, 5)(6, 16)(7, 15)(8, 11)(13, 14)(21, 22)(23, 33)(24, 32)(25, 28)(30, 31)
Group ID:
<4, 2>
Picard rank = 4
================================
Subgroup No.15/16
Permutation group acting on a set of cardinality 34
Order = 4 = 2^2
    (1, 3)(6, 16)(7, 15)(8, 13)(11, 14)(18, 20)(23, 33)(24, 32)(25, 30)(28, 31)
    (4, 5)(6, 16)(7, 15)(8, 11)(13, 14)(21, 22)(23, 33)(24, 32)(25, 28)(30, 31)
Group ID:
<4, 2>
Picard rank = 5
================================
Subgroup No.16/16
Permutation group acting on a set of cardinality 34
Order = 8 = 2^3
    (6, 15)(7, 16)(9, 17)(10, 12)(23, 32)(24, 33)(26, 34)(27, 29)
    (1, 3)(6, 16)(7, 15)(8, 13)(11, 14)(18, 20)(23, 33)(24, 32)(25, 30)(28, 31)
    (4, 5)(6, 16)(7, 15)(8, 11)(13, 14)(21, 22)(23, 33)(24, 32)(25, 28)(30, 31)
Group ID:
<8, 5>
Picard rank = 4
================================
