deg2_A2+3A1.txt
(-2)-curves:
[
    ( 0  1 -1  0  0  0  0  0),
    ( 0  0  1 -1  0  0  0  0),
    ( 1 -1 -1 -1  0  0  0  0),
    ( 0  0  0  0  1 -1  0  0),
    ( 0  0  0  0  0  0  1 -1)
]
# of (-1)-classes = 56
# of (-1)-curves = 13
list of (-1)-curves:
[*
    ( 1 -1  0  0 -1  0  0  0),
    ( 1 -1  0  0  0  0 -1  0),
    ( 2 -1  0  0 -1 -1 -1 -1),
    (0 0 0 1 0 0 0 0),
    ( 2 -1 -1  0 -1  0 -1 -1),
    ( 2 -1 -1  0 -1 -1 -1  0),
    ( 3 -1 -1 -1 -2 -1 -1 -1),
    ( 1  0  0  0 -1 -1  0  0),
    ( 1  0  0  0 -1  0 -1  0),
    (0 0 0 0 0 1 0 0),
    ( 3 -1 -1 -1 -1 -1 -2 -1),
    ( 1  0  0  0  0  0 -1 -1),
    (0 0 0 0 0 0 0 1)
*]
The intersection matrix of negative curves:
[-2  1  0  0  0  1  1  1  0  0  0  0  0  0  0  0  0  0]
[ 1 -2  0  0  0  0  0  0  1  1  1  0  0  0  0  0  0  0]
[ 0  0 -2  0  0  0  0  1  1  0  0  0  1  1  0  0  1  0]
[ 0  0  0 -2  0  1  0  0  0  1  0  1  0  1  1  0  0  0]
[ 0  0  0  0 -2  0  1  0  0  0  1  0  0  1  0  1  0  1]
[ 1  0  0  1  0 -1  0  0  0  0  0  0  0  0  0  1  1  0]
[ 1  0  0  0  1  0 -1  0  0  0  0  1  1  0  0  0  0  0]
[ 1  0  1  0  0  0  0 -1  0  0  0  0  0  0  1  0  0  1]
[ 0  1  1  0  0  0  0  0 -1  0  0  1  0  0  0  1  0  0]
[ 0  1  0  1  0  0  0  0  0 -1  0  0  1  0  0  0  0  1]
[ 0  1  0  0  1  0  0  0  0  0 -1  0  0  0  1  0  1  0]
[ 0  0  0  1  0  0  1  0  1  0  0 -1  0  0  1  0  1  1]
[ 0  0  1  0  0  0  1  0  0  1  0  0 -1  0  1  1  1  0]
[ 0  0  1  1  1  0  0  0  0  0  0  0  0 -1  0  0  0  0]
[ 0  0  0  1  0  0  0  1  0  0  1  1  1  0 -1  1  0  0]
[ 0  0  0  0  1  1  0  0  1  0  0  0  1  0  1 -1  0  1]
[ 0  0  1  0  0  1  0  0  0  0  1  1  1  0  0  0 -1  1]
[ 0  0  0  0  1  0  0  1  0  1  0  1  0  0  0  1  1 -1]
The automorphism group of dual graph:
Permutation group AutoGroup acting on a set of cardinality 36
Order = 12 = 2^2 * 3
    (3, 4)(6, 8)(9, 10)(12, 13)(15, 17)(16, 18)(21, 22)(24, 26)(27, 28)(30, 
        31)(33, 35)(34, 36)
    (3, 5, 4)(6, 8, 7)(9, 11, 10)(12, 17, 18)(13, 16, 15)(21, 23, 22)(24, 26, 
        25)(27, 29, 28)(30, 35, 36)(31, 34, 33)
    (1, 2)(6, 10)(7, 11)(8, 9)(12, 15)(13, 17)(16, 18)(19, 20)(24, 28)(25, 
        29)(26, 27)(30, 33)(31, 35)(34, 36)
Group ID:
<12, 4>
================================
Subgroup No.1/10
Permutation group acting on a set of cardinality 36
Order = 1
Group ID:
<1, 1>
Picard rank = 8
================================
Subgroup No.2/10
Permutation group acting on a set of cardinality 36
Order = 2
    (1, 2)(6, 10)(7, 11)(8, 9)(12, 15)(13, 17)(16, 18)(19, 20)(24, 28)(25, 
        29)(26, 27)(30, 33)(31, 35)(34, 36)
Group ID:
<2, 1>
Picard rank = 5
================================
Subgroup No.3/10
Permutation group acting on a set of cardinality 36
Order = 2
    (1, 2)(3, 4)(6, 9)(7, 11)(8, 10)(12, 17)(13, 15)(19, 20)(21, 22)(24, 27)(25,
        29)(26, 28)(30, 35)(31, 33)
Group ID:
<2, 1>
Picard rank = 5
================================
Subgroup No.4/10
Permutation group acting on a set of cardinality 36
Order = 2
    (3, 4)(6, 8)(9, 10)(12, 13)(15, 17)(16, 18)(21, 22)(24, 26)(27, 28)(30, 
        31)(33, 35)(34, 36)
Group ID:
<2, 1>
Picard rank = 6
================================
Subgroup No.5/10
Permutation group acting on a set of cardinality 36
Order = 3
    (3, 4, 5)(6, 7, 8)(9, 10, 11)(12, 18, 17)(13, 15, 16)(21, 22, 23)(24, 25, 
        26)(27, 28, 29)(30, 36, 35)(31, 33, 34)
Group ID:
<3, 1>
Picard rank = 4
================================
Subgroup No.6/10
Permutation group acting on a set of cardinality 36
Order = 4 = 2^2
    (3, 4)(6, 8)(9, 10)(12, 13)(15, 17)(16, 18)(21, 22)(24, 26)(27, 28)(30, 
        31)(33, 35)(34, 36)
    (1, 2)(6, 10)(7, 11)(8, 9)(12, 15)(13, 17)(16, 18)(19, 20)(24, 28)(25, 
        29)(26, 27)(30, 33)(31, 35)(34, 36)
Group ID:
<4, 2>
Picard rank = 4
================================
Subgroup No.7/10
Permutation group acting on a set of cardinality 36
Order = 6 = 2 * 3
    (1, 2)(3, 4)(6, 9)(7, 11)(8, 10)(12, 17)(13, 15)(19, 20)(21, 22)(24, 27)(25,
        29)(26, 28)(30, 35)(31, 33)
    (3, 4, 5)(6, 7, 8)(9, 10, 11)(12, 18, 17)(13, 15, 16)(21, 22, 23)(24, 25, 
        26)(27, 28, 29)(30, 36, 35)(31, 33, 34)
Group ID:
<6, 1>
Picard rank = 3
================================
Subgroup No.8/10
Permutation group acting on a set of cardinality 36
Order = 6 = 2 * 3
    (1, 2)(6, 10)(7, 11)(8, 9)(12, 15)(13, 17)(16, 18)(19, 20)(24, 28)(25, 
        29)(26, 27)(30, 33)(31, 35)(34, 36)
    (3, 4, 5)(6, 7, 8)(9, 10, 11)(12, 18, 17)(13, 15, 16)(21, 22, 23)(24, 25, 
        26)(27, 28, 29)(30, 36, 35)(31, 33, 34)
Group ID:
<6, 2>
Picard rank = 3
================================
Subgroup No.9/10
Permutation group acting on a set of cardinality 36
Order = 6 = 2 * 3
    (3, 4)(6, 8)(9, 10)(12, 13)(15, 17)(16, 18)(21, 22)(24, 26)(27, 28)(30, 
        31)(33, 35)(34, 36)
    (3, 4, 5)(6, 7, 8)(9, 10, 11)(12, 18, 17)(13, 15, 16)(21, 22, 23)(24, 25, 
        26)(27, 28, 29)(30, 36, 35)(31, 33, 34)
Group ID:
<6, 1>
Picard rank = 4
================================
Subgroup No.10/10
Permutation group acting on a set of cardinality 36
Order = 12 = 2^2 * 3
    (3, 4)(6, 8)(9, 10)(12, 13)(15, 17)(16, 18)(21, 22)(24, 26)(27, 28)(30, 
        31)(33, 35)(34, 36)
    (1, 2)(6, 10)(7, 11)(8, 9)(12, 15)(13, 17)(16, 18)(19, 20)(24, 28)(25, 
        29)(26, 27)(30, 33)(31, 35)(34, 36)
    (3, 4, 5)(6, 7, 8)(9, 10, 11)(12, 18, 17)(13, 15, 16)(21, 22, 23)(24, 25, 
        26)(27, 28, 29)(30, 36, 35)(31, 33, 34)
Group ID:
<12, 4>
Picard rank = 3
================================
