deg2_7A1.txt
(-2)-curves:
[
    ( 1 -1 -1 -1  0  0  0  0),
    ( 0  0  1 -1  0  0  0  0),
    ( 0  0  0  0  1 -1  0  0),
    ( 0  0  0  0  0  0  1 -1),
    ( 2  0 -1 -1 -1 -1 -1 -1),
    ( 1 -1  0  0 -1 -1  0  0),
    ( 1 -1  0  0  0  0 -1 -1)
]
# of (-1)-classes = 56
# of (-1)-curves = 7
list of (-1)-curves:
[*
    (0 1 0 0 0 0 0 0),
    ( 1  0 -1  0 -1  0  0  0),
    ( 1  0 -1  0  0  0 -1  0),
    (0 0 0 1 0 0 0 0),
    ( 1  0  0  0 -1  0 -1  0),
    (0 0 0 0 0 1 0 0),
    (0 0 0 0 0 0 0 1)
*]
The intersection matrix of negative curves:
[-2  0  0  0  0  0  0  1  0  0  1  1  0  0]
[ 0 -2  0  0  0  0  0  0  1  1  1  0  0  0]
[ 0  0 -2  0  0  0  0  0  1  0  0  1  1  0]
[ 0  0  0 -2  0  0  0  0  0  1  0  1  0  1]
[ 0  0  0  0 -2  0  0  0  0  0  1  0  1  1]
[ 0  0  0  0  0 -2  0  1  0  1  0  0  1  0]
[ 0  0  0  0  0  0 -2  1  1  0  0  0  0  1]
[ 1  0  0  0  0  1  1 -1  0  0  0  0  0  0]
[ 0  1  1  0  0  0  1  0 -1  0  0  0  0  0]
[ 0  1  0  1  0  1  0  0  0 -1  0  0  0  0]
[ 1  1  0  0  1  0  0  0  0  0 -1  0  0  0]
[ 1  0  1  1  0  0  0  0  0  0  0 -1  0  0]
[ 0  0  1  0  1  1  0  0  0  0  0  0 -1  0]
[ 0  0  0  1  1  0  1  0  0  0  0  0  0 -1]
The automorphism group of dual graph:
Permutation group AutoGroup acting on a set of cardinality 28
Order = 168 = 2^3 * 3 * 7
    (1, 2)(3, 6)(8, 9)(10, 12)(15, 16)(17, 20)(22, 23)(24, 26)
    (1, 6)(2, 3)(10, 12)(11, 13)(15, 20)(16, 17)(24, 26)(25, 27)
    (1, 3, 6, 2)(4, 5)(8, 9)(10, 11, 12, 13)(15, 17, 20, 16)(18, 19)(22, 23)(24,
        25, 26, 27)
    (3, 6)(4, 7)(8, 12)(9, 10)(17, 20)(18, 21)(22, 26)(23, 24)
    (2, 7, 5, 6)(3, 4)(8, 11)(9, 14, 13, 10)(16, 21, 19, 20)(17, 18)(22, 25)(23,
        28, 27, 24)
Group ID:
<168, 42>
================================
Subgroup No.1/15
Permutation group acting on a set of cardinality 28
Order = 1
    Id($)
Group ID:
<1, 1>
Picard rank = 8
================================
Subgroup No.2/15
Permutation group acting on a set of cardinality 28
Order = 2
    (1, 2)(4, 7)(8, 10)(9, 12)(15, 16)(18, 21)(22, 24)(23, 26)
Group ID:
<2, 1>
Picard rank = 6
================================
Subgroup No.3/15
Permutation group acting on a set of cardinality 28
Order = 3
    (2, 3, 6)(4, 7, 5)(8, 11, 12)(9, 13, 10)(16, 17, 20)(18, 21, 19)(22, 25, 
        26)(23, 27, 24)
Group ID:
<3, 1>
Picard rank = 4
================================
Subgroup No.4/15
Permutation group acting on a set of cardinality 28
Order = 7
    (1, 3, 2, 4, 7, 6, 5)(8, 13, 11, 12, 9, 10, 14)(15, 17, 16, 18, 21, 20, 
        19)(22, 27, 25, 26, 23, 24, 28)
Group ID:
<7, 1>
Picard rank = 2
================================
Subgroup No.5/15
Permutation group acting on a set of cardinality 28
Order = 4 = 2^2
    (1, 3)(2, 6)(8, 9)(11, 13)(15, 17)(16, 20)(22, 23)(25, 27)
    (1, 2)(3, 6)(8, 9)(10, 12)(15, 16)(17, 20)(22, 23)(24, 26)
Group ID:
<4, 2>
Picard rank = 5
================================
Subgroup No.6/15
Permutation group acting on a set of cardinality 28
Order = 4 = 2^2
    (1, 2)(4, 7)(8, 10)(9, 12)(15, 16)(18, 21)(22, 24)(23, 26)
    (1, 2)(3, 6)(8, 9)(10, 12)(15, 16)(17, 20)(22, 23)(24, 26)
Group ID:
<4, 2>
Picard rank = 5
================================
Subgroup No.7/15
Permutation group acting on a set of cardinality 28
Order = 4 = 2^2
    (1, 6, 2, 3)(4, 7)(8, 10, 9, 12)(11, 13)(15, 20, 16, 17)(18, 21)(22, 24, 23,
        26)(25, 27)
    (1, 2)(3, 6)(8, 9)(10, 12)(15, 16)(17, 20)(22, 23)(24, 26)
Group ID:
<4, 1>
Picard rank = 4
================================
Subgroup No.8/15
Permutation group acting on a set of cardinality 28
Order = 6 = 2 * 3
    (1, 2)(4, 7)(8, 10)(9, 12)(15, 16)(18, 21)(22, 24)(23, 26)
    (1, 2, 6)(4, 7, 5)(8, 11, 10)(9, 13, 12)(15, 16, 20)(18, 21, 19)(22, 25, 
        24)(23, 27, 26)
Group ID:
<6, 1>
Picard rank = 4
================================
Subgroup No.9/15
Permutation group acting on a set of cardinality 28
Order = 21 = 3 * 7
    (1, 6, 3)(4, 7, 5)(8, 13, 12)(9, 11, 10)(15, 20, 17)(18, 21, 19)(22, 27, 
        26)(23, 25, 24)
    (1, 3, 2, 4, 7, 6, 5)(8, 13, 11, 12, 9, 10, 14)(15, 17, 16, 18, 21, 20, 
        19)(22, 27, 25, 26, 23, 24, 28)
Group ID:
<21, 1>
Picard rank = 2
================================
Subgroup No.10/15
Permutation group acting on a set of cardinality 28
Order = 8 = 2^3
    (1, 2)(4, 7)(8, 10)(9, 12)(15, 16)(18, 21)(22, 24)(23, 26)
    (1, 3)(2, 6)(8, 9)(11, 13)(15, 17)(16, 20)(22, 23)(25, 27)
    (1, 2)(3, 6)(8, 9)(10, 12)(15, 16)(17, 20)(22, 23)(24, 26)
Group ID:
<8, 3>
Picard rank = 4
================================
Subgroup No.11/15
Permutation group acting on a set of cardinality 28
Order = 12 = 2^2 * 3
    (1, 3, 4)(5, 7, 6)(8, 13, 14)(9, 10, 11)(15, 17, 18)(19, 21, 20)(22, 27, 
        28)(23, 24, 25)
    (1, 5)(4, 6)(8, 14)(12, 13)(15, 19)(18, 20)(22, 28)(26, 27)
    (3, 7)(4, 6)(8, 12)(13, 14)(17, 21)(18, 20)(22, 26)(27, 28)
Group ID:
<12, 3>
Picard rank = 3
================================
Subgroup No.12/15
Permutation group acting on a set of cardinality 28
Order = 12 = 2^2 * 3
    (2, 3, 6)(4, 7, 5)(8, 11, 12)(9, 13, 10)(16, 17, 20)(18, 21, 19)(22, 25, 
        26)(23, 27, 24)
    (1, 3)(2, 6)(8, 9)(11, 13)(15, 17)(16, 20)(22, 23)(25, 27)
    (1, 2)(3, 6)(8, 9)(10, 12)(15, 16)(17, 20)(22, 23)(24, 26)
Group ID:
<12, 3>
Picard rank = 3
================================
Subgroup No.13/15
Permutation group acting on a set of cardinality 28
Order = 24 = 2^3 * 3
    (3, 6)(4, 7)(8, 12)(9, 10)(17, 20)(18, 21)(22, 26)(23, 24)
    (1, 3, 4)(5, 7, 6)(8, 13, 14)(9, 10, 11)(15, 17, 18)(19, 21, 20)(22, 27, 
        28)(23, 24, 25)
    (1, 5)(4, 6)(8, 14)(12, 13)(15, 19)(18, 20)(22, 28)(26, 27)
    (3, 7)(4, 6)(8, 12)(13, 14)(17, 21)(18, 20)(22, 26)(27, 28)
Group ID:
<24, 12>
Picard rank = 3
================================
Subgroup No.14/15
Permutation group acting on a set of cardinality 28
Order = 24 = 2^3 * 3
    (1, 2)(4, 7)(8, 10)(9, 12)(15, 16)(18, 21)(22, 24)(23, 26)
    (2, 3, 6)(4, 7, 5)(8, 11, 12)(9, 13, 10)(16, 17, 20)(18, 21, 19)(22, 25, 
        26)(23, 27, 24)
    (1, 3)(2, 6)(8, 9)(11, 13)(15, 17)(16, 20)(22, 23)(25, 27)
    (1, 2)(3, 6)(8, 9)(10, 12)(15, 16)(17, 20)(22, 23)(24, 26)
Group ID:
<24, 12>
Picard rank = 3
================================
Subgroup No.15/15
Permutation group acting on a set of cardinality 28
Order = 168 = 2^3 * 3 * 7
    (2, 5)(6, 7)(9, 13)(10, 14)(16, 19)(20, 21)(23, 27)(24, 28)
    (1, 2, 7, 4)(3, 5)(8, 10)(9, 14, 12, 11)(15, 16, 21, 18)(17, 19)(22, 24)(23,
        28, 26, 25)
Group ID:
<168, 42>
Picard rank = 2
================================
