deg1_A2+4A1.txt
(-2)-curves:
[
    ( 1 -1 -1 -1  0  0  0  0  0),
    ( 0  0  0  1 -1  0  0  0  0),
    ( 0  0  0  0  0  1 -1  0  0),
    ( 0  0  0  0  0  0  0  1 -1),
    ( 1 -1  0  0  0 -1 -1  0  0),
    ( 1 -1  0  0  0  0  0 -1 -1)
]
# of (-1)-classes = 240
# of (-1)-curves = 36
list of (-1)-curves:
[*
    (0 1 0 0 0 0 0 0 0),
    ( 5 -1 -1 -2 -2 -2 -2 -2 -2),
    ( 3  0 -2 -1 -1 -1 -1 -1 -1),
    ( 2  0  0 -1  0 -1 -1 -1 -1),
    ( 2  0  0 -1 -1 -1  0 -1 -1),
    ( 2  0  0 -1 -1 -1 -1 -1  0),
    ( 3  0 -1 -2 -1 -1 -1 -1 -1),
    ( 2  0 -1  0  0 -1 -1 -1 -1),
    ( 5 -1 -2 -2 -1 -2 -2 -2 -2),
    ( 2  0 -1 -1  0 -1  0 -1 -1),
    ( 2  0 -1 -1  0 -1 -1 -1  0),
    ( 3  0 -1 -1 -1 -2 -1 -1 -1),
    ( 2  0 -1 -1 -1  0  0 -1 -1),
    ( 5 -1 -2 -2 -2 -2 -1 -2 -2),
    ( 2  0 -1 -1 -1 -1  0 -1  0),
    ( 3  0 -1 -1 -1 -1 -1 -2 -1),
    ( 2  0 -1 -1 -1 -1 -1  0  0),
    ( 5 -1 -2 -2 -2 -2 -2 -2 -1),
    (0 0 1 0 0 0 0 0 0),
    ( 3 -1  0 -2 -1 -1 -1 -1 -1),
    ( 1  0 -1  0  0 -1  0  0  0),
    ( 4 -1 -2 -1 -1 -2 -1 -2 -1),
    ( 2 -1  0 -1 -1 -1  0 -1  0),
    ( 1  0 -1  0  0  0  0 -1  0),
    ( 1  0  0 -1 -1  0  0  0  0),
    ( 4 -1 -1 -2 -2 -2 -1 -1 -1),
    ( 4 -1 -1 -2 -2 -1 -1 -2 -1),
    ( 1  0  0 -1  0 -1  0  0  0),
    ( 4 -1 -1 -2 -1 -2 -1 -2 -1),
    ( 1  0  0 -1  0  0  0 -1  0),
    (0 0 0 0 1 0 0 0 0),
    ( 3 -1 -1 -1 -1 -2  0 -1 -1),
    ( 1  0  0  0  0 -1  0 -1  0),
    (0 0 0 0 0 0 1 0 0),
    ( 3 -1 -1 -1 -1 -1 -1 -2  0),
    (0 0 0 0 0 0 0 0 1)
*]
The intersection matrix of negative curves:
[-2 1 0 0 0 0 1 1 0 1 1 1 0 1 0 0 0 1 0 0 0 1 0 0 1 0 0 0 0 0 0 0 0 0 0 0 0 0 1 
    0 0 0]
[1 -2 0 0 0 0 0 0 0 1 0 0 1 0 1 1 1 0 0 0 0 0 0 0 0 1 0 0 0 0 0 0 0 1 1 1 1 0 0 
    0 0 0]
[0 0 -2 0 0 0 0 0 0 0 1 0 0 0 0 1 0 1 0 1 1 0 0 0 0 0 1 1 1 0 0 1 0 1 1 0 0 2 1 
    1 0 0]
[0 0 0 -2 0 0 0 0 0 0 0 1 0 0 0 0 1 0 0 0 1 1 0 1 0 0 0 1 1 1 0 0 1 0 1 1 0 0 1 
    0 2 1]
[0 0 0 0 -2 0 1 0 1 0 1 0 1 0 0 1 0 0 2 1 1 1 0 0 0 0 0 0 0 1 1 0 1 0 0 1 0 0 0 
    1 0 0]
[0 0 0 0 0 -2 1 0 1 0 0 1 1 0 0 0 1 1 0 0 1 0 2 1 0 0 1 0 0 0 1 1 0 1 0 0 0 0 0 
    0 0 1]
[1 0 0 0 1 1 -1 1 0 0 0 0 0 0 1 0 0 0 0 1 0 0 0 1 0 1 0 1 1 0 0 1 1 0 1 0 0 1 0 
    0 1 0]
[1 0 0 0 0 0 1 -1 1 0 0 0 0 1 0 1 1 0 1 0 1 0 1 0 1 0 2 1 1 2 1 0 0 1 0 1 2 1 1 
    2 1 2]
[0 0 0 0 1 1 0 1 -1 1 1 1 0 0 0 0 0 0 0 0 0 0 0 0 2 2 0 0 2 0 1 1 1 1 1 1 1 1 1 
    1 1 1]
[1 1 0 0 0 0 0 0 1 -1 0 0 0 0 0 0 0 0 1 1 1 0 1 1 0 0 1 1 1 1 1 1 1 0 0 0 0 1 0 
    1 1 1]
[1 0 1 0 1 0 0 0 1 0 -1 0 0 1 1 0 1 0 0 0 0 0 1 1 0 0 1 1 0 1 0 0 0 0 0 0 1 0 0 
    0 1 1]
[1 0 0 1 0 1 0 0 1 0 0 -1 0 1 1 1 0 0 1 1 0 0 0 0 0 0 1 1 0 1 0 0 0 0 0 0 1 1 0 
    1 0 0]
[0 1 0 0 1 1 0 0 0 0 0 0 -1 1 0 0 0 0 0 0 0 0 0 0 1 0 1 1 1 1 0 0 0 0 0 0 1 1 1 
    1 1 1]
[1 0 0 0 0 0 0 1 0 0 1 1 1 -1 0 0 0 0 1 1 1 0 1 1 1 2 0 0 2 0 2 2 2 1 1 1 0 1 0 
    1 1 1]
[0 1 0 0 0 0 1 0 0 0 1 1 0 0 -1 0 0 0 1 0 1 0 1 0 2 1 1 0 2 1 2 1 1 1 0 1 1 1 1 
    2 1 2]
[0 1 1 0 1 0 0 1 0 0 0 1 0 0 0 -1 0 0 0 0 0 0 1 1 1 1 0 0 1 0 1 1 1 0 0 0 0 0 0 
    0 1 1]
[0 1 0 1 0 1 0 1 0 0 1 0 0 0 0 0 -1 0 1 1 0 0 0 0 1 1 0 0 1 0 1 1 1 0 0 0 0 1 0 
    1 0 0]
[1 0 1 0 0 1 0 0 0 0 0 0 0 0 0 0 0 -1 1 0 0 0 0 0 1 1 0 0 1 1 1 0 1 0 0 1 1 0 0 
    1 1 1]
[0 0 0 0 2 0 0 1 0 1 0 1 0 1 1 0 1 1 -1 0 0 0 1 1 1 1 1 1 1 0 0 1 0 1 1 0 1 1 1 
    0 1 1]
[0 0 1 0 1 0 1 0 0 1 0 1 0 1 0 0 1 0 0 -1 0 0 1 0 2 1 1 0 1 1 1 0 0 1 0 1 2 0 1 
    1 1 2]
[0 0 1 1 1 1 0 1 0 1 0 0 0 1 1 0 0 0 0 0 -1 0 0 0 1 1 0 0 0 0 0 0 0 0 0 0 1 0 0 
    0 0 0]
[1 0 0 1 1 0 0 0 0 0 0 0 0 0 0 0 0 0 0 0 0 -1 1 0 1 1 1 0 1 0 1 1 0 1 0 0 1 1 0 
    1 0 1]
[0 0 0 0 0 2 0 1 0 1 1 0 0 1 1 1 0 0 1 1 0 1 -1 0 1 1 0 1 1 1 0 0 1 0 1 1 1 1 1 
    1 1 0]
[0 0 0 1 0 1 1 0 0 1 1 0 0 1 0 1 0 0 1 0 0 0 0 -1 2 1 1 0 1 1 1 0 0 1 0 1 2 1 1 
    2 0 1]
[1 0 0 0 0 0 0 1 2 0 0 0 1 1 2 1 1 1 1 2 1 1 1 2 -1 0 1 2 0 1 0 1 1 0 1 0 0 1 0 
    0 1 0]
[0 1 0 0 0 0 1 0 2 0 0 0 0 2 1 1 1 1 1 1 1 1 1 1 0 -1 2 2 0 2 0 0 0 0 0 0 1 1 1 
    1 1 1]
[0 0 1 0 0 1 0 2 0 1 1 1 1 0 1 0 0 0 1 1 0 1 0 1 1 2 -1 0 1 0 1 1 2 0 1 1 0 0 0 
    0 1 0]
[0 0 1 1 0 0 1 1 0 1 1 1 1 0 0 0 0 0 1 0 0 0 1 0 2 2 0 -1 1 0 2 1 1 1 0 1 1 0 0 
    1 0 1]
[0 0 1 1 0 0 1 1 2 1 0 0 1 2 2 1 1 1 1 1 0 1 1 1 0 0 1 1 -1 1 0 0 0 0 0 0 1 0 0 
    0 0 0]
[0 0 0 1 1 0 0 2 0 1 1 1 1 0 1 0 0 1 0 1 0 0 1 1 1 2 0 0 1 -1 1 2 1 1 1 0 0 1 0 
    0 0 0]
[0 0 0 0 1 1 0 1 1 1 0 0 0 2 2 1 1 1 0 1 0 1 0 1 0 0 1 2 0 1 -1 0 0 0 1 0 1 1 1 
    0 1 0]
[0 0 1 0 0 1 1 0 1 1 0 0 0 2 1 1 1 0 1 0 0 1 0 0 1 0 1 1 0 2 0 -1 0 0 0 1 2 0 1 
    1 1 1]
[0 0 0 1 1 0 1 0 1 1 0 0 0 2 1 1 1 1 0 0 0 0 1 0 1 0 2 1 0 1 0 0 -1 1 0 0 2 1 1 
    1 0 1]
[0 1 1 0 0 1 0 1 1 0 0 0 0 1 1 0 0 0 1 1 0 1 0 1 0 0 0 1 0 1 0 0 1 -1 0 0 0 0 0 
    0 1 0]
[0 1 1 1 0 0 1 0 1 0 0 0 0 1 0 0 0 0 1 0 0 0 1 0 1 0 1 0 0 1 1 0 0 0 -1 0 1 0 0 
    1 0 1]
[0 1 0 1 1 0 0 1 1 0 0 0 0 1 1 0 0 1 0 1 0 0 1 1 0 0 1 1 0 0 0 1 0 0 0 -1 0 1 0 
    0 0 0]
[0 1 0 0 0 0 0 2 1 0 1 1 1 0 1 0 0 1 1 2 1 1 1 2 0 1 0 1 1 0 1 2 2 0 1 0 -1 1 0 
    0 1 0]
[0 0 2 0 0 0 1 1 1 1 0 1 1 1 1 0 1 0 1 0 0 1 1 1 1 1 0 0 0 1 1 0 1 0 0 1 1 -1 0 
    0 1 1]
[1 0 1 1 0 0 0 1 1 0 0 0 1 0 1 0 0 0 1 1 0 0 1 1 0 1 0 0 0 0 1 1 1 0 0 0 0 0 -1 
    0 0 0]
[0 0 1 0 1 0 0 2 1 1 0 1 1 1 2 0 1 1 0 1 0 1 1 2 0 1 0 1 0 0 0 1 1 0 1 0 0 0 0 
    -1 1 0]
[0 0 0 2 0 0 1 1 1 1 1 0 1 1 1 1 0 1 1 1 0 0 1 0 1 1 1 0 0 0 1 1 0 1 0 0 1 1 0 1
    -1 0]
[0 0 0 1 0 1 0 2 1 1 1 0 1 1 2 1 0 1 1 2 0 1 0 1 0 1 0 1 0 0 0 1 1 0 1 0 0 1 0 0
    0 -1]
The automorphism group of dual graph:
Permutation group AutoGroup acting on a set of cardinality 84
Order = 48 = 2^4 * 3
    (3, 6)(7, 11)(8, 14)(9, 20)(12, 39)(13, 16)(17, 35)(23, 38)(24, 28)(26, 
        37)(27, 32)(29, 42)(30, 33)(31, 40)(45, 48)(49, 53)(50, 56)(51, 62)(54, 
        81)(55, 58)(59, 77)(65, 80)(66, 70)(68, 79)(69, 74)(71, 84)(72, 75)(73, 
        82)
    (3, 6)(4, 5)(7, 39)(9, 28)(11, 12)(13, 35)(16, 17)(19, 41)(20, 24)(23, 
        38)(29, 31)(40, 42)(45, 48)(46, 47)(49, 81)(51, 70)(53, 54)(55, 77)(58, 
        59)(61, 83)(62, 66)(65, 80)(71, 73)(82, 84)
    (3, 4)(5, 6)(11, 12)(16, 17)(18, 22)(19, 23)(20, 24)(27, 30)(32, 33)(34, 
        36)(38, 41)(40, 42)(45, 46)(47, 48)(53, 54)(58, 59)(60, 64)(61, 65)(62, 
        66)(69, 72)(74, 75)(76, 78)(80, 83)(82, 84)
    (3, 5, 6)(7, 18, 11)(8, 25, 14)(9, 32, 40)(12, 39, 22)(13, 34, 16)(15, 26, 
        37)(17, 35, 36)(19, 23, 38)(20, 31, 27)(24, 29, 30)(28, 33, 42)(45, 47, 
        48)(49, 60, 53)(50, 67, 56)(51, 74, 82)(54, 81, 64)(55, 76, 58)(57, 68, 
        79)(59, 77, 78)(61, 65, 80)(62, 73, 69)(66, 71, 72)(70, 75, 84)
    (1, 2)(3, 5, 6, 4)(7, 17, 39, 16)(8, 26)(9, 42, 28, 40)(11, 13, 12, 35)(14, 
        37)(15, 25)(18, 36)(19, 23, 41, 38)(20, 31, 24, 29)(22, 34)(27, 30)(32, 
        33)(43, 44)(45, 47, 48, 46)(49, 59, 81, 58)(50, 68)(51, 84, 70, 82)(53, 
        55, 54, 77)(56, 79)(57, 67)(60, 78)(61, 65, 83, 80)(62, 73, 66, 71)(64, 
        76)(69, 72)(74, 75)
Group ID:
<48, 48>
================================
Subgroup No.1/33
Permutation group acting on a set of cardinality 84
Order = 1
Group ID:
<1, 1>
Picard rank = 9
================================
Subgroup No.2/33
Permutation group acting on a set of cardinality 84
Order = 2
    (1, 2)(7, 13)(8, 37)(9, 31)(11, 16)(12, 17)(14, 26)(15, 25)(18, 34)(20, 
        40)(22, 36)(24, 42)(27, 32)(28, 29)(30, 33)(35, 39)(43, 44)(49, 55)(50, 
        79)(51, 73)(53, 58)(54, 59)(56, 68)(57, 67)(60, 76)(62, 82)(64, 78)(66, 
        84)(69, 74)(70, 71)(72, 75)(77, 81)
Group ID:
<2, 1>
Picard rank = 6
================================
Subgroup No.3/33
Permutation group acting on a set of cardinality 84
Order = 2
    (3, 5)(4, 6)(7, 39)(9, 28)(13, 35)(18, 22)(19, 38)(23, 41)(27, 30)(29, 
        31)(32, 33)(34, 36)(45, 47)(46, 48)(49, 81)(51, 70)(55, 77)(60, 64)(61, 
        80)(65, 83)(69, 72)(71, 73)(74, 75)(76, 78)
Group ID:
<2, 1>
Picard rank = 7
================================
Subgroup No.4/33
Permutation group acting on a set of cardinality 84
Order = 2
    (1, 2)(3, 4)(5, 6)(7, 13)(8, 37)(9, 31)(11, 17)(12, 16)(14, 26)(15, 25)(18, 
        36)(19, 23)(20, 42)(22, 34)(24, 40)(27, 33)(28, 29)(30, 32)(35, 39)(38, 
        41)(43, 44)(45, 46)(47, 48)(49, 55)(50, 79)(51, 73)(53, 59)(54, 58)(56, 
        68)(57, 67)(60, 78)(61, 65)(62, 84)(64, 76)(66, 82)(69, 75)(70, 71)(72, 
        74)(77, 81)(80, 83)
Group ID:
<2, 1>
Picard rank = 4
================================
Subgroup No.5/33
Permutation group acting on a set of cardinality 84
Order = 2
    (3, 6)(7, 11)(8, 14)(9, 20)(12, 39)(13, 16)(17, 35)(23, 38)(24, 28)(26, 
        37)(27, 32)(29, 42)(30, 33)(31, 40)(45, 48)(49, 53)(50, 56)(51, 62)(54, 
        81)(55, 58)(59, 77)(65, 80)(66, 70)(68, 79)(69, 74)(71, 84)(72, 75)(73, 
        82)
Group ID:
<2, 1>
Picard rank = 7
================================
Subgroup No.6/33
Permutation group acting on a set of cardinality 84
Order = 2
    (1, 2)(4, 5)(7, 17)(8, 26)(9, 42)(11, 35)(12, 13)(14, 37)(15, 25)(16, 
        39)(18, 34)(19, 41)(20, 29)(22, 36)(24, 31)(28, 40)(43, 44)(46, 47)(49, 
        59)(50, 68)(51, 84)(53, 77)(54, 55)(56, 79)(57, 67)(58, 81)(60, 76)(61, 
        83)(62, 71)(64, 78)(66, 73)(70, 82)
Group ID:
<2, 1>
Picard rank = 6
================================
Subgroup No.7/33
Permutation group acting on a set of cardinality 84
Order = 3
    (3, 6, 5)(7, 11, 18)(8, 14, 25)(9, 40, 32)(12, 22, 39)(13, 16, 34)(15, 37, 
        26)(17, 36, 35)(19, 38, 23)(20, 27, 31)(24, 30, 29)(28, 42, 33)(45, 48, 
        47)(49, 53, 60)(50, 56, 67)(51, 82, 74)(54, 64, 81)(55, 58, 76)(57, 79, 
        68)(59, 78, 77)(61, 80, 65)(62, 69, 73)(66, 72, 71)(70, 84, 75)
Group ID:
<3, 1>
Picard rank = 5
================================
Subgroup No.8/33
Permutation group acting on a set of cardinality 84
Order = 4 = 2^2
    (3, 5)(4, 6)(7, 39)(9, 28)(13, 35)(18, 22)(19, 38)(23, 41)(27, 30)(29, 
        31)(32, 33)(34, 36)(45, 47)(46, 48)(49, 81)(51, 70)(55, 77)(60, 64)(61, 
        80)(65, 83)(69, 72)(71, 73)(74, 75)(76, 78)
    (3, 6)(4, 5)(7, 39)(9, 28)(11, 12)(13, 35)(16, 17)(19, 41)(20, 24)(23, 
        38)(29, 31)(40, 42)(45, 48)(46, 47)(49, 81)(51, 70)(53, 54)(55, 77)(58, 
        59)(61, 83)(62, 66)(65, 80)(71, 73)(82, 84)
Group ID:
<4, 2>
Picard rank = 6
================================
Subgroup No.9/33
Permutation group acting on a set of cardinality 84
Order = 4 = 2^2
    (1, 2)(4, 5)(7, 17)(8, 26)(9, 42)(11, 35)(12, 13)(14, 37)(15, 25)(16, 
        39)(18, 34)(19, 41)(20, 29)(22, 36)(24, 31)(28, 40)(43, 44)(46, 47)(49, 
        59)(50, 68)(51, 84)(53, 77)(54, 55)(56, 79)(57, 67)(58, 81)(60, 76)(61, 
        83)(62, 71)(64, 78)(66, 73)(70, 82)
    (3, 6)(4, 5)(7, 39)(9, 28)(11, 12)(13, 35)(16, 17)(19, 41)(20, 24)(23, 
        38)(29, 31)(40, 42)(45, 48)(46, 47)(49, 81)(51, 70)(53, 54)(55, 77)(58, 
        59)(61, 83)(62, 66)(65, 80)(71, 73)(82, 84)
Group ID:
<4, 2>
Picard rank = 5
================================
Subgroup No.10/33
Permutation group acting on a set of cardinality 84
Order = 4 = 2^2
    (1, 2)(3, 4)(5, 6)(7, 13)(8, 37)(9, 31)(11, 17)(12, 16)(14, 26)(15, 25)(18, 
        36)(19, 23)(20, 42)(22, 34)(24, 40)(27, 33)(28, 29)(30, 32)(35, 39)(38, 
        41)(43, 44)(45, 46)(47, 48)(49, 55)(50, 79)(51, 73)(53, 59)(54, 58)(56, 
        68)(57, 67)(60, 78)(61, 65)(62, 84)(64, 76)(66, 82)(69, 75)(70, 71)(72, 
        74)(77, 81)(80, 83)
    (3, 5)(4, 6)(7, 39)(9, 28)(13, 35)(18, 22)(19, 38)(23, 41)(27, 30)(29, 
        31)(32, 33)(34, 36)(45, 47)(46, 48)(49, 81)(51, 70)(55, 77)(60, 64)(61, 
        80)(65, 83)(69, 72)(71, 73)(74, 75)(76, 78)
Group ID:
<4, 2>
Picard rank = 3
================================
Subgroup No.11/33
Permutation group acting on a set of cardinality 84
Order = 4 = 2^2
    (1, 2)(3, 5)(4, 6)(7, 35)(8, 37)(9, 29)(11, 16)(12, 17)(13, 39)(14, 26)(15, 
        25)(18, 36)(19, 38)(20, 40)(22, 34)(23, 41)(24, 42)(27, 33)(28, 31)(30, 
        32)(43, 44)(45, 47)(46, 48)(49, 77)(50, 79)(51, 71)(53, 58)(54, 59)(55, 
        81)(56, 68)(57, 67)(60, 78)(61, 80)(62, 82)(64, 76)(65, 83)(66, 84)(69, 
        75)(70, 73)(72, 74)
    (3, 5)(4, 6)(7, 39)(9, 28)(13, 35)(18, 22)(19, 38)(23, 41)(27, 30)(29, 
        31)(32, 33)(34, 36)(45, 47)(46, 48)(49, 81)(51, 70)(55, 77)(60, 64)(61, 
        80)(65, 83)(69, 72)(71, 73)(74, 75)(76, 78)
Group ID:
<4, 2>
Picard rank = 4
================================
Subgroup No.12/33
Permutation group acting on a set of cardinality 84
Order = 4 = 2^2
    (3, 6)(7, 11)(8, 14)(9, 20)(12, 39)(13, 16)(17, 35)(23, 38)(24, 28)(26, 
        37)(27, 32)(29, 42)(30, 33)(31, 40)(45, 48)(49, 53)(50, 56)(51, 62)(54, 
        81)(55, 58)(59, 77)(65, 80)(66, 70)(68, 79)(69, 74)(71, 84)(72, 75)(73, 
        82)
    (3, 6)(4, 5)(7, 39)(9, 28)(11, 12)(13, 35)(16, 17)(19, 41)(20, 24)(23, 
        38)(29, 31)(40, 42)(45, 48)(46, 47)(49, 81)(51, 70)(53, 54)(55, 77)(58, 
        59)(61, 83)(62, 66)(65, 80)(71, 73)(82, 84)
Group ID:
<4, 2>
Picard rank = 6
================================
Subgroup No.13/33
Permutation group acting on a set of cardinality 84
Order = 4 = 2^2
    (3, 4, 6, 5)(7, 11, 39, 12)(8, 14)(9, 20, 28, 24)(13, 16, 35, 17)(18, 
        22)(19, 38, 41, 23)(26, 37)(27, 33)(29, 42, 31, 40)(30, 32)(34, 36)(45, 
        46, 48, 47)(49, 53, 81, 54)(50, 56)(51, 62, 70, 66)(55, 58, 77, 59)(60, 
        64)(61, 80, 83, 65)(68, 79)(69, 75)(71, 84, 73, 82)(72, 74)(76, 78)
    (3, 6)(4, 5)(7, 39)(9, 28)(11, 12)(13, 35)(16, 17)(19, 41)(20, 24)(23, 
        38)(29, 31)(40, 42)(45, 48)(46, 47)(49, 81)(51, 70)(53, 54)(55, 77)(58, 
        59)(61, 83)(62, 66)(65, 80)(71, 73)(82, 84)
Group ID:
<4, 1>
Picard rank = 5
================================
Subgroup No.14/33
Permutation group acting on a set of cardinality 84
Order = 4 = 2^2
    (1, 2)(3, 5, 6, 4)(7, 17, 39, 16)(8, 26)(9, 42, 28, 40)(11, 13, 12, 35)(14, 
        37)(15, 25)(18, 36)(19, 23, 41, 38)(20, 31, 24, 29)(22, 34)(27, 30)(32, 
        33)(43, 44)(45, 47, 48, 46)(49, 59, 81, 58)(50, 68)(51, 84, 70, 82)(53, 
        55, 54, 77)(56, 79)(57, 67)(60, 78)(61, 65, 83, 80)(62, 73, 66, 71)(64, 
        76)(69, 72)(74, 75)
    (3, 6)(4, 5)(7, 39)(9, 28)(11, 12)(13, 35)(16, 17)(19, 41)(20, 24)(23, 
        38)(29, 31)(40, 42)(45, 48)(46, 47)(49, 81)(51, 70)(53, 54)(55, 77)(58, 
        59)(61, 83)(62, 66)(65, 80)(71, 73)(82, 84)
Group ID:
<4, 1>
Picard rank = 4
================================
Subgroup No.15/33
Permutation group acting on a set of cardinality 84
Order = 4 = 2^2
    (3, 6)(7, 11)(8, 14)(9, 20)(12, 39)(13, 16)(17, 35)(23, 38)(24, 28)(26, 
        37)(27, 32)(29, 42)(30, 33)(31, 40)(45, 48)(49, 53)(50, 56)(51, 62)(54, 
        81)(55, 58)(59, 77)(65, 80)(66, 70)(68, 79)(69, 74)(71, 84)(72, 75)(73, 
        82)
    (1, 2)(3, 6)(7, 16)(8, 26)(9, 40)(11, 13)(12, 35)(14, 37)(15, 25)(17, 
        39)(18, 34)(20, 31)(22, 36)(23, 38)(24, 29)(28, 42)(43, 44)(45, 48)(49, 
        58)(50, 68)(51, 82)(53, 55)(54, 77)(56, 79)(57, 67)(59, 81)(60, 76)(62, 
        73)(64, 78)(65, 80)(66, 71)(70, 84)
Group ID:
<4, 2>
Picard rank = 5
================================
Subgroup No.16/33
Permutation group acting on a set of cardinality 84
Order = 4 = 2^2
    (3, 6)(7, 11)(8, 14)(9, 20)(12, 39)(13, 16)(17, 35)(23, 38)(24, 28)(26, 
        37)(27, 32)(29, 42)(30, 33)(31, 40)(45, 48)(49, 53)(50, 56)(51, 62)(54, 
        81)(55, 58)(59, 77)(65, 80)(66, 70)(68, 79)(69, 74)(71, 84)(72, 75)(73, 
        82)
    (1, 2)(4, 5)(7, 17)(8, 26)(9, 42)(11, 35)(12, 13)(14, 37)(15, 25)(16, 
        39)(18, 34)(19, 41)(20, 29)(22, 36)(24, 31)(28, 40)(43, 44)(46, 47)(49, 
        59)(50, 68)(51, 84)(53, 77)(54, 55)(56, 79)(57, 67)(58, 81)(60, 76)(61, 
        83)(62, 71)(64, 78)(66, 73)(70, 82)
Group ID:
<4, 2>
Picard rank = 4
================================
Subgroup No.17/33
Permutation group acting on a set of cardinality 84
Order = 6 = 2 * 3
    (1, 2)(7, 13)(8, 37)(9, 31)(11, 16)(12, 17)(14, 26)(15, 25)(18, 34)(20, 
        40)(22, 36)(24, 42)(27, 32)(28, 29)(30, 33)(35, 39)(43, 44)(49, 55)(50, 
        79)(51, 73)(53, 58)(54, 59)(56, 68)(57, 67)(60, 76)(62, 82)(64, 78)(66, 
        84)(69, 74)(70, 71)(72, 75)(77, 81)
    (3, 6, 5)(7, 11, 18)(8, 14, 25)(9, 40, 32)(12, 22, 39)(13, 16, 34)(15, 37, 
        26)(17, 36, 35)(19, 38, 23)(20, 27, 31)(24, 30, 29)(28, 42, 33)(45, 48, 
        47)(49, 53, 60)(50, 56, 67)(51, 82, 74)(54, 64, 81)(55, 58, 76)(57, 79, 
        68)(59, 78, 77)(61, 80, 65)(62, 69, 73)(66, 72, 71)(70, 84, 75)
Group ID:
<6, 2>
Picard rank = 4
================================
Subgroup No.18/33
Permutation group acting on a set of cardinality 84
Order = 6 = 2 * 3
    (3, 6)(7, 11)(8, 14)(9, 20)(12, 39)(13, 16)(17, 35)(23, 38)(24, 28)(26, 
        37)(27, 32)(29, 42)(30, 33)(31, 40)(45, 48)(49, 53)(50, 56)(51, 62)(54, 
        81)(55, 58)(59, 77)(65, 80)(66, 70)(68, 79)(69, 74)(71, 84)(72, 75)(73, 
        82)
    (3, 6, 5)(7, 11, 18)(8, 14, 25)(9, 40, 32)(12, 22, 39)(13, 16, 34)(15, 37, 
        26)(17, 36, 35)(19, 38, 23)(20, 27, 31)(24, 30, 29)(28, 42, 33)(45, 48, 
        47)(49, 53, 60)(50, 56, 67)(51, 82, 74)(54, 64, 81)(55, 58, 76)(57, 79, 
        68)(59, 78, 77)(61, 80, 65)(62, 69, 73)(66, 72, 71)(70, 84, 75)
Group ID:
<6, 1>
Picard rank = 5
================================
Subgroup No.19/33
Permutation group acting on a set of cardinality 84
Order = 6 = 2 * 3
    (1, 2)(4, 5)(7, 17)(8, 26)(9, 42)(11, 35)(12, 13)(14, 37)(15, 25)(16, 
        39)(18, 34)(19, 41)(20, 29)(22, 36)(24, 31)(28, 40)(43, 44)(46, 47)(49, 
        59)(50, 68)(51, 84)(53, 77)(54, 55)(56, 79)(57, 67)(58, 81)(60, 76)(61, 
        83)(62, 71)(64, 78)(66, 73)(70, 82)
    (4, 5, 6)(7, 12, 22)(8, 14, 25)(9, 42, 33)(11, 18, 39)(13, 17, 36)(15, 37, 
        26)(16, 34, 35)(19, 23, 41)(20, 27, 29)(24, 30, 31)(28, 40, 32)(46, 47, 
        48)(49, 54, 64)(50, 56, 67)(51, 84, 75)(53, 60, 81)(55, 59, 78)(57, 79, 
        68)(58, 76, 77)(61, 65, 83)(62, 69, 71)(66, 72, 73)(70, 82, 74)
Group ID:
<6, 1>
Picard rank = 4
================================
Subgroup No.20/33
Permutation group acting on a set of cardinality 84
Order = 8 = 2^3
    (1, 2)(3, 4)(5, 6)(7, 13)(8, 37)(9, 31)(11, 17)(12, 16)(14, 26)(15, 25)(18, 
        36)(19, 23)(20, 42)(22, 34)(24, 40)(27, 33)(28, 29)(30, 32)(35, 39)(38, 
        41)(43, 44)(45, 46)(47, 48)(49, 55)(50, 79)(51, 73)(53, 59)(54, 58)(56, 
        68)(57, 67)(60, 78)(61, 65)(62, 84)(64, 76)(66, 82)(69, 75)(70, 71)(72, 
        74)(77, 81)(80, 83)
    (3, 5)(4, 6)(7, 39)(9, 28)(13, 35)(18, 22)(19, 38)(23, 41)(27, 30)(29, 
        31)(32, 33)(34, 36)(45, 47)(46, 48)(49, 81)(51, 70)(55, 77)(60, 64)(61, 
        80)(65, 83)(69, 72)(71, 73)(74, 75)(76, 78)
    (3, 6)(4, 5)(7, 39)(9, 28)(11, 12)(13, 35)(16, 17)(19, 41)(20, 24)(23, 
        38)(29, 31)(40, 42)(45, 48)(46, 47)(49, 81)(51, 70)(53, 54)(55, 77)(58, 
        59)(61, 83)(62, 66)(65, 80)(71, 73)(82, 84)
Group ID:
<8, 5>
Picard rank = 3
================================
Subgroup No.21/33
Permutation group acting on a set of cardinality 84
Order = 8 = 2^3
    (3, 4, 6, 5)(7, 11, 39, 12)(8, 14)(9, 20, 28, 24)(13, 16, 35, 17)(18, 
        22)(19, 38, 41, 23)(26, 37)(27, 33)(29, 42, 31, 40)(30, 32)(34, 36)(45, 
        46, 48, 47)(49, 53, 81, 54)(50, 56)(51, 62, 70, 66)(55, 58, 77, 59)(60, 
        64)(61, 80, 83, 65)(68, 79)(69, 75)(71, 84, 73, 82)(72, 74)(76, 78)
    (1, 2)(4, 5)(7, 17)(8, 26)(9, 42)(11, 35)(12, 13)(14, 37)(15, 25)(16, 
        39)(18, 34)(19, 41)(20, 29)(22, 36)(24, 31)(28, 40)(43, 44)(46, 47)(49, 
        59)(50, 68)(51, 84)(53, 77)(54, 55)(56, 79)(57, 67)(58, 81)(60, 76)(61, 
        83)(62, 71)(64, 78)(66, 73)(70, 82)
    (3, 6)(4, 5)(7, 39)(9, 28)(11, 12)(13, 35)(16, 17)(19, 41)(20, 24)(23, 
        38)(29, 31)(40, 42)(45, 48)(46, 47)(49, 81)(51, 70)(53, 54)(55, 77)(58, 
        59)(61, 83)(62, 66)(65, 80)(71, 73)(82, 84)
Group ID:
<8, 3>
Picard rank = 3
================================
Subgroup No.22/33
Permutation group acting on a set of cardinality 84
Order = 8 = 2^3
    (1, 2)(3, 5, 6, 4)(7, 17, 39, 16)(8, 26)(9, 42, 28, 40)(11, 13, 12, 35)(14, 
        37)(15, 25)(18, 36)(19, 23, 41, 38)(20, 31, 24, 29)(22, 34)(27, 30)(32, 
        33)(43, 44)(45, 47, 48, 46)(49, 59, 81, 58)(50, 68)(51, 84, 70, 82)(53, 
        55, 54, 77)(56, 79)(57, 67)(60, 78)(61, 65, 83, 80)(62, 73, 66, 71)(64, 
        76)(69, 72)(74, 75)
    (3, 5)(4, 6)(7, 39)(9, 28)(13, 35)(18, 22)(19, 38)(23, 41)(27, 30)(29, 
        31)(32, 33)(34, 36)(45, 47)(46, 48)(49, 81)(51, 70)(55, 77)(60, 64)(61, 
        80)(65, 83)(69, 72)(71, 73)(74, 75)(76, 78)
    (3, 6)(4, 5)(7, 39)(9, 28)(11, 12)(13, 35)(16, 17)(19, 41)(20, 24)(23, 
        38)(29, 31)(40, 42)(45, 48)(46, 47)(49, 81)(51, 70)(53, 54)(55, 77)(58, 
        59)(61, 83)(62, 66)(65, 80)(71, 73)(82, 84)
Group ID:
<8, 3>
Picard rank = 4
================================
Subgroup No.23/33
Permutation group acting on a set of cardinality 84
Order = 8 = 2^3
    (3, 6)(7, 11)(8, 14)(9, 20)(12, 39)(13, 16)(17, 35)(23, 38)(24, 28)(26, 
        37)(27, 32)(29, 42)(30, 33)(31, 40)(45, 48)(49, 53)(50, 56)(51, 62)(54, 
        81)(55, 58)(59, 77)(65, 80)(66, 70)(68, 79)(69, 74)(71, 84)(72, 75)(73, 
        82)
    (3, 5)(4, 6)(7, 39)(9, 28)(13, 35)(18, 22)(19, 38)(23, 41)(27, 30)(29, 
        31)(32, 33)(34, 36)(45, 47)(46, 48)(49, 81)(51, 70)(55, 77)(60, 64)(61, 
        80)(65, 83)(69, 72)(71, 73)(74, 75)(76, 78)
    (3, 6)(4, 5)(7, 39)(9, 28)(11, 12)(13, 35)(16, 17)(19, 41)(20, 24)(23, 
        38)(29, 31)(40, 42)(45, 48)(46, 47)(49, 81)(51, 70)(53, 54)(55, 77)(58, 
        59)(61, 83)(62, 66)(65, 80)(71, 73)(82, 84)
Group ID:
<8, 3>
Picard rank = 5
================================
Subgroup No.24/33
Permutation group acting on a set of cardinality 84
Order = 8 = 2^3
    (3, 6)(7, 11)(8, 14)(9, 20)(12, 39)(13, 16)(17, 35)(23, 38)(24, 28)(26, 
        37)(27, 32)(29, 42)(30, 33)(31, 40)(45, 48)(49, 53)(50, 56)(51, 62)(54, 
        81)(55, 58)(59, 77)(65, 80)(66, 70)(68, 79)(69, 74)(71, 84)(72, 75)(73, 
        82)
    (1, 2)(3, 5, 6, 4)(7, 17, 39, 16)(8, 26)(9, 42, 28, 40)(11, 13, 12, 35)(14, 
        37)(15, 25)(18, 36)(19, 23, 41, 38)(20, 31, 24, 29)(22, 34)(27, 30)(32, 
        33)(43, 44)(45, 47, 48, 46)(49, 59, 81, 58)(50, 68)(51, 84, 70, 82)(53, 
        55, 54, 77)(56, 79)(57, 67)(60, 78)(61, 65, 83, 80)(62, 73, 66, 71)(64, 
        76)(69, 72)(74, 75)
    (3, 6)(4, 5)(7, 39)(9, 28)(11, 12)(13, 35)(16, 17)(19, 41)(20, 24)(23, 
        38)(29, 31)(40, 42)(45, 48)(46, 47)(49, 81)(51, 70)(53, 54)(55, 77)(58, 
        59)(61, 83)(62, 66)(65, 80)(71, 73)(82, 84)
Group ID:
<8, 3>
Picard rank = 3
================================
Subgroup No.25/33
Permutation group acting on a set of cardinality 84
Order = 8 = 2^3
    (3, 4, 6, 5)(7, 11, 39, 12)(8, 14)(9, 20, 28, 24)(13, 16, 35, 17)(18, 
        22)(19, 38, 41, 23)(26, 37)(27, 33)(29, 42, 31, 40)(30, 32)(34, 36)(45, 
        46, 48, 47)(49, 53, 81, 54)(50, 56)(51, 62, 70, 66)(55, 58, 77, 59)(60, 
        64)(61, 80, 83, 65)(68, 79)(69, 75)(71, 84, 73, 82)(72, 74)(76, 78)
    (1, 2)(3, 5, 6, 4)(7, 17, 39, 16)(8, 26)(9, 42, 28, 40)(11, 13, 12, 35)(14, 
        37)(15, 25)(18, 36)(19, 23, 41, 38)(20, 31, 24, 29)(22, 34)(27, 30)(32, 
        33)(43, 44)(45, 47, 48, 46)(49, 59, 81, 58)(50, 68)(51, 84, 70, 82)(53, 
        55, 54, 77)(56, 79)(57, 67)(60, 78)(61, 65, 83, 80)(62, 73, 66, 71)(64, 
        76)(69, 72)(74, 75)
    (3, 6)(4, 5)(7, 39)(9, 28)(11, 12)(13, 35)(16, 17)(19, 41)(20, 24)(23, 
        38)(29, 31)(40, 42)(45, 48)(46, 47)(49, 81)(51, 70)(53, 54)(55, 77)(58, 
        59)(61, 83)(62, 66)(65, 80)(71, 73)(82, 84)
Group ID:
<8, 2>
Picard rank = 3
================================
Subgroup No.26/33
Permutation group acting on a set of cardinality 84
Order = 8 = 2^3
    (3, 6)(7, 11)(8, 14)(9, 20)(12, 39)(13, 16)(17, 35)(23, 38)(24, 28)(26, 
        37)(27, 32)(29, 42)(30, 33)(31, 40)(45, 48)(49, 53)(50, 56)(51, 62)(54, 
        81)(55, 58)(59, 77)(65, 80)(66, 70)(68, 79)(69, 74)(71, 84)(72, 75)(73, 
        82)
    (1, 2)(4, 5)(7, 17)(8, 26)(9, 42)(11, 35)(12, 13)(14, 37)(15, 25)(16, 
        39)(18, 34)(19, 41)(20, 29)(22, 36)(24, 31)(28, 40)(43, 44)(46, 47)(49, 
        59)(50, 68)(51, 84)(53, 77)(54, 55)(56, 79)(57, 67)(58, 81)(60, 76)(61, 
        83)(62, 71)(64, 78)(66, 73)(70, 82)
    (3, 6)(4, 5)(7, 39)(9, 28)(11, 12)(13, 35)(16, 17)(19, 41)(20, 24)(23, 
        38)(29, 31)(40, 42)(45, 48)(46, 47)(49, 81)(51, 70)(53, 54)(55, 77)(58, 
        59)(61, 83)(62, 66)(65, 80)(71, 73)(82, 84)
Group ID:
<8, 5>
Picard rank = 4
================================
Subgroup No.27/33
Permutation group acting on a set of cardinality 84
Order = 12 = 2^2 * 3
    (3, 6, 5)(7, 11, 18)(8, 14, 25)(9, 40, 32)(12, 22, 39)(13, 16, 34)(15, 37, 
        26)(17, 36, 35)(19, 38, 23)(20, 27, 31)(24, 30, 29)(28, 42, 33)(45, 48, 
        47)(49, 53, 60)(50, 56, 67)(51, 82, 74)(54, 64, 81)(55, 58, 76)(57, 79, 
        68)(59, 78, 77)(61, 80, 65)(62, 69, 73)(66, 72, 71)(70, 84, 75)
    (3, 5)(4, 6)(7, 39)(9, 28)(13, 35)(18, 22)(19, 38)(23, 41)(27, 30)(29, 
        31)(32, 33)(34, 36)(45, 47)(46, 48)(49, 81)(51, 70)(55, 77)(60, 64)(61, 
        80)(65, 83)(69, 72)(71, 73)(74, 75)(76, 78)
    (3, 6)(4, 5)(7, 39)(9, 28)(11, 12)(13, 35)(16, 17)(19, 41)(20, 24)(23, 
        38)(29, 31)(40, 42)(45, 48)(46, 47)(49, 81)(51, 70)(53, 54)(55, 77)(58, 
        59)(61, 83)(62, 66)(65, 80)(71, 73)(82, 84)
Group ID:
<12, 3>
Picard rank = 4
================================
Subgroup No.28/33
Permutation group acting on a set of cardinality 84
Order = 12 = 2^2 * 3
    (3, 6)(7, 11)(8, 14)(9, 20)(12, 39)(13, 16)(17, 35)(23, 38)(24, 28)(26, 
        37)(27, 32)(29, 42)(30, 33)(31, 40)(45, 48)(49, 53)(50, 56)(51, 62)(54, 
        81)(55, 58)(59, 77)(65, 80)(66, 70)(68, 79)(69, 74)(71, 84)(72, 75)(73, 
        82)
    (1, 2)(3, 6)(7, 16)(8, 26)(9, 40)(11, 13)(12, 35)(14, 37)(15, 25)(17, 
        39)(18, 34)(20, 31)(22, 36)(23, 38)(24, 29)(28, 42)(43, 44)(45, 48)(49, 
        58)(50, 68)(51, 82)(53, 55)(54, 77)(56, 79)(57, 67)(59, 81)(60, 76)(62, 
        73)(64, 78)(65, 80)(66, 71)(70, 84)
    (3, 6, 5)(7, 11, 18)(8, 14, 25)(9, 40, 32)(12, 22, 39)(13, 16, 34)(15, 37, 
        26)(17, 36, 35)(19, 38, 23)(20, 27, 31)(24, 30, 29)(28, 42, 33)(45, 48, 
        47)(49, 53, 60)(50, 56, 67)(51, 82, 74)(54, 64, 81)(55, 58, 76)(57, 79, 
        68)(59, 78, 77)(61, 80, 65)(62, 69, 73)(66, 72, 71)(70, 84, 75)
Group ID:
<12, 4>
Picard rank = 4
================================
Subgroup No.29/33
Permutation group acting on a set of cardinality 84
Order = 16 = 2^4
    (3, 6)(7, 11)(8, 14)(9, 20)(12, 39)(13, 16)(17, 35)(23, 38)(24, 28)(26, 
        37)(27, 32)(29, 42)(30, 33)(31, 40)(45, 48)(49, 53)(50, 56)(51, 62)(54, 
        81)(55, 58)(59, 77)(65, 80)(66, 70)(68, 79)(69, 74)(71, 84)(72, 75)(73, 
        82)
    (1, 2)(3, 5, 6, 4)(7, 17, 39, 16)(8, 26)(9, 42, 28, 40)(11, 13, 12, 35)(14, 
        37)(15, 25)(18, 36)(19, 23, 41, 38)(20, 31, 24, 29)(22, 34)(27, 30)(32, 
        33)(43, 44)(45, 47, 48, 46)(49, 59, 81, 58)(50, 68)(51, 84, 70, 82)(53, 
        55, 54, 77)(56, 79)(57, 67)(60, 78)(61, 65, 83, 80)(62, 73, 66, 71)(64, 
        76)(69, 72)(74, 75)
    (3, 5)(4, 6)(7, 39)(9, 28)(13, 35)(18, 22)(19, 38)(23, 41)(27, 30)(29, 
        31)(32, 33)(34, 36)(45, 47)(46, 48)(49, 81)(51, 70)(55, 77)(60, 64)(61, 
        80)(65, 83)(69, 72)(71, 73)(74, 75)(76, 78)
    (3, 6)(4, 5)(7, 39)(9, 28)(11, 12)(13, 35)(16, 17)(19, 41)(20, 24)(23, 
        38)(29, 31)(40, 42)(45, 48)(46, 47)(49, 81)(51, 70)(53, 54)(55, 77)(58, 
        59)(61, 83)(62, 66)(65, 80)(71, 73)(82, 84)
Group ID:
<16, 11>
Picard rank = 3
================================
Subgroup No.30/33
Permutation group acting on a set of cardinality 84
Order = 24 = 2^3 * 3
    (3, 6)(7, 11)(8, 14)(9, 20)(12, 39)(13, 16)(17, 35)(23, 38)(24, 28)(26, 
        37)(27, 32)(29, 42)(30, 33)(31, 40)(45, 48)(49, 53)(50, 56)(51, 62)(54, 
        81)(55, 58)(59, 77)(65, 80)(66, 70)(68, 79)(69, 74)(71, 84)(72, 75)(73, 
        82)
    (3, 6, 5)(7, 11, 18)(8, 14, 25)(9, 40, 32)(12, 22, 39)(13, 16, 34)(15, 37, 
        26)(17, 36, 35)(19, 38, 23)(20, 27, 31)(24, 30, 29)(28, 42, 33)(45, 48, 
        47)(49, 53, 60)(50, 56, 67)(51, 82, 74)(54, 64, 81)(55, 58, 76)(57, 79, 
        68)(59, 78, 77)(61, 80, 65)(62, 69, 73)(66, 72, 71)(70, 84, 75)
    (3, 5)(4, 6)(7, 39)(9, 28)(13, 35)(18, 22)(19, 38)(23, 41)(27, 30)(29, 
        31)(32, 33)(34, 36)(45, 47)(46, 48)(49, 81)(51, 70)(55, 77)(60, 64)(61, 
        80)(65, 83)(69, 72)(71, 73)(74, 75)(76, 78)
    (3, 6)(4, 5)(7, 39)(9, 28)(11, 12)(13, 35)(16, 17)(19, 41)(20, 24)(23, 
        38)(29, 31)(40, 42)(45, 48)(46, 47)(49, 81)(51, 70)(53, 54)(55, 77)(58, 
        59)(61, 83)(62, 66)(65, 80)(71, 73)(82, 84)
Group ID:
<24, 12>
Picard rank = 4
================================
Subgroup No.31/33
Permutation group acting on a set of cardinality 84
Order = 24 = 2^3 * 3
    (1, 2)(3, 4)(5, 6)(7, 13)(8, 37)(9, 31)(11, 17)(12, 16)(14, 26)(15, 25)(18, 
        36)(19, 23)(20, 42)(22, 34)(24, 40)(27, 33)(28, 29)(30, 32)(35, 39)(38, 
        41)(43, 44)(45, 46)(47, 48)(49, 55)(50, 79)(51, 73)(53, 59)(54, 58)(56, 
        68)(57, 67)(60, 78)(61, 65)(62, 84)(64, 76)(66, 82)(69, 75)(70, 71)(72, 
        74)(77, 81)(80, 83)
    (3, 6, 5)(7, 11, 18)(8, 14, 25)(9, 40, 32)(12, 22, 39)(13, 16, 34)(15, 37, 
        26)(17, 36, 35)(19, 38, 23)(20, 27, 31)(24, 30, 29)(28, 42, 33)(45, 48, 
        47)(49, 53, 60)(50, 56, 67)(51, 82, 74)(54, 64, 81)(55, 58, 76)(57, 79, 
        68)(59, 78, 77)(61, 80, 65)(62, 69, 73)(66, 72, 71)(70, 84, 75)
    (3, 5)(4, 6)(7, 39)(9, 28)(13, 35)(18, 22)(19, 38)(23, 41)(27, 30)(29, 
        31)(32, 33)(34, 36)(45, 47)(46, 48)(49, 81)(51, 70)(55, 77)(60, 64)(61, 
        80)(65, 83)(69, 72)(71, 73)(74, 75)(76, 78)
    (3, 6)(4, 5)(7, 39)(9, 28)(11, 12)(13, 35)(16, 17)(19, 41)(20, 24)(23, 
        38)(29, 31)(40, 42)(45, 48)(46, 47)(49, 81)(51, 70)(53, 54)(55, 77)(58, 
        59)(61, 83)(62, 66)(65, 80)(71, 73)(82, 84)
Group ID:
<24, 13>
Picard rank = 3
================================
Subgroup No.32/33
Permutation group acting on a set of cardinality 84
Order = 24 = 2^3 * 3
    (1, 2)(3, 5, 6, 4)(7, 17, 39, 16)(8, 26)(9, 42, 28, 40)(11, 13, 12, 35)(14, 
        37)(15, 25)(18, 36)(19, 23, 41, 38)(20, 31, 24, 29)(22, 34)(27, 30)(32, 
        33)(43, 44)(45, 47, 48, 46)(49, 59, 81, 58)(50, 68)(51, 84, 70, 82)(53, 
        55, 54, 77)(56, 79)(57, 67)(60, 78)(61, 65, 83, 80)(62, 73, 66, 71)(64, 
        76)(69, 72)(74, 75)
    (3, 6, 5)(7, 11, 18)(8, 14, 25)(9, 40, 32)(12, 22, 39)(13, 16, 34)(15, 37, 
        26)(17, 36, 35)(19, 38, 23)(20, 27, 31)(24, 30, 29)(28, 42, 33)(45, 48, 
        47)(49, 53, 60)(50, 56, 67)(51, 82, 74)(54, 64, 81)(55, 58, 76)(57, 79, 
        68)(59, 78, 77)(61, 80, 65)(62, 69, 73)(66, 72, 71)(70, 84, 75)
    (3, 5)(4, 6)(7, 39)(9, 28)(13, 35)(18, 22)(19, 38)(23, 41)(27, 30)(29, 
        31)(32, 33)(34, 36)(45, 47)(46, 48)(49, 81)(51, 70)(55, 77)(60, 64)(61, 
        80)(65, 83)(69, 72)(71, 73)(74, 75)(76, 78)
    (3, 6)(4, 5)(7, 39)(9, 28)(11, 12)(13, 35)(16, 17)(19, 41)(20, 24)(23, 
        38)(29, 31)(40, 42)(45, 48)(46, 47)(49, 81)(51, 70)(53, 54)(55, 77)(58, 
        59)(61, 83)(62, 66)(65, 80)(71, 73)(82, 84)
Group ID:
<24, 12>
Picard rank = 3
================================
Subgroup No.33/33
Permutation group acting on a set of cardinality 84
Order = 48 = 2^4 * 3
    (3, 6)(7, 11)(8, 14)(9, 20)(12, 39)(13, 16)(17, 35)(23, 38)(24, 28)(26, 
        37)(27, 32)(29, 42)(30, 33)(31, 40)(45, 48)(49, 53)(50, 56)(51, 62)(54, 
        81)(55, 58)(59, 77)(65, 80)(66, 70)(68, 79)(69, 74)(71, 84)(72, 75)(73, 
        82)
    (1, 2)(3, 5, 6, 4)(7, 17, 39, 16)(8, 26)(9, 42, 28, 40)(11, 13, 12, 35)(14, 
        37)(15, 25)(18, 36)(19, 23, 41, 38)(20, 31, 24, 29)(22, 34)(27, 30)(32, 
        33)(43, 44)(45, 47, 48, 46)(49, 59, 81, 58)(50, 68)(51, 84, 70, 82)(53, 
        55, 54, 77)(56, 79)(57, 67)(60, 78)(61, 65, 83, 80)(62, 73, 66, 71)(64, 
        76)(69, 72)(74, 75)
    (3, 6, 5)(7, 11, 18)(8, 14, 25)(9, 40, 32)(12, 22, 39)(13, 16, 34)(15, 37, 
        26)(17, 36, 35)(19, 38, 23)(20, 27, 31)(24, 30, 29)(28, 42, 33)(45, 48, 
        47)(49, 53, 60)(50, 56, 67)(51, 82, 74)(54, 64, 81)(55, 58, 76)(57, 79, 
        68)(59, 78, 77)(61, 80, 65)(62, 69, 73)(66, 72, 71)(70, 84, 75)
    (3, 5)(4, 6)(7, 39)(9, 28)(13, 35)(18, 22)(19, 38)(23, 41)(27, 30)(29, 
        31)(32, 33)(34, 36)(45, 47)(46, 48)(49, 81)(51, 70)(55, 77)(60, 64)(61, 
        80)(65, 83)(69, 72)(71, 73)(74, 75)(76, 78)
    (3, 6)(4, 5)(7, 39)(9, 28)(11, 12)(13, 35)(16, 17)(19, 41)(20, 24)(23, 
        38)(29, 31)(40, 42)(45, 48)(46, 47)(49, 81)(51, 70)(53, 54)(55, 77)(58, 
        59)(61, 83)(62, 66)(65, 80)(71, 73)(82, 84)
Group ID:
<48, 48>
Picard rank = 3
================================
