deg1_D4+2A1.txt
(-2)-curves:
[
    ( 1 -1 -1 -1  0  0  0  0  0),
    ( 0  0  1 -1  0  0  0  0  0),
    ( 0  0  0  1 -1  0  0  0  0),
    ( 0  0  0  0  1 -1  0  0  0),
    ( 2  0 -1 -1 -1 -1 -1 -1  0),
    ( 3 -1 -1 -1 -1 -1 -1 -1 -2)
]
# of (-1)-classes = 240
# of (-1)-curves = 24
list of (-1)-curves:
[*
    (0 1 0 0 0 0 0 0 0),
    ( 2  0 -1 -1  0  0 -1 -1 -1),
    ( 2  0 -1 -1 -1  0  0 -1 -1),
    ( 2  0 -1 -1 -1  0 -1  0 -1),
    ( 1 -1  0  0  0  0 -1  0  0),
    ( 4 -2 -1 -1 -1 -1 -2 -2 -1),
    ( 2  0 -1 -1 -1 -1  0  0 -1),
    ( 1 -1  0  0  0  0  0 -1  0),
    ( 1 -1  0  0  0  0  0  0 -1),
    ( 1  0 -1  0  0  0 -1  0  0),
    ( 1  0 -1  0  0  0  0 -1  0),
    ( 1  0 -1  0  0  0  0  0 -1),
    ( 2 -1 -1  0  0  0 -1 -1 -1),
    (0 0 0 0 0 1 0 0 0),
    ( 3 -1 -1 -1 -1  0 -2 -1 -1),
    ( 3 -1 -1 -1 -1  0 -1 -2 -1),
    (0 0 0 0 0 0 1 0 0),
    ( 3 -1 -1 -1 -1 -1 -2  0 -1),
    ( 3 -1 -1 -1 -1 -1  0 -2 -1),
    ( 1  0  0  0  0  0 -1 -1  0),
    ( 1  0  0  0  0  0 -1  0 -1),
    (0 0 0 0 0 0 0 1 0),
    ( 1  0  0  0  0  0  0 -1 -1),
    (0 0 0 0 0 0 0 0 1)
*]
The intersection matrix of negative curves:
[-2 0 1 0 0 0 1 0 0 0 0 0 0 0 0 0 0 0 0 0 0 0 0 0 0 1 1 0 1 0]
[0 -2 1 0 0 0 0 0 0 0 0 0 0 0 0 1 1 1 1 0 0 0 0 0 0 0 0 0 0 0]
[1 1 -2 1 0 0 0 1 0 0 0 0 0 0 0 0 0 0 0 0 0 0 0 0 0 0 0 0 0 0]
[0 0 1 -2 0 0 0 0 1 1 0 0 0 0 0 0 0 0 0 1 1 1 0 0 0 0 0 0 0 0]
[0 0 0 0 -2 0 0 0 0 0 1 0 0 1 2 0 0 1 1 1 0 0 1 0 0 0 1 1 1 0]
[0 0 0 0 0 -2 1 0 0 0 1 0 0 1 0 1 1 0 0 1 0 0 1 0 0 1 0 1 0 2]
[1 0 0 0 0 1 -1 0 0 0 1 2 0 1 1 0 0 0 1 0 1 1 0 1 1 0 0 0 0 0]
[0 0 1 0 0 0 0 -1 0 0 1 1 1 1 1 0 0 0 0 0 0 0 1 1 1 0 0 1 0 1]
[0 0 0 1 0 0 0 0 -1 0 2 2 0 1 1 1 0 0 1 0 1 0 0 2 0 1 1 1 0 1]
[0 0 0 1 0 0 0 0 0 -1 1 2 0 2 1 0 1 0 1 0 0 1 1 0 2 1 0 0 1 1]
[0 0 0 0 1 1 1 1 2 1 -1 0 2 0 0 0 1 1 0 0 0 1 1 0 2 0 0 0 1 0]
[0 0 0 0 0 0 2 1 2 2 0 -1 3 0 1 1 1 2 0 1 0 0 2 1 1 0 1 2 1 1]
[0 0 0 0 0 0 0 1 0 0 2 3 -1 2 1 1 1 0 2 1 2 2 0 1 1 2 1 0 1 1]
[0 0 0 0 1 1 1 1 1 2 0 0 2 -1 0 1 0 1 0 0 1 0 0 2 0 0 1 1 0 0]
[0 0 0 0 2 0 1 1 1 1 0 1 1 0 -1 1 1 0 0 0 1 1 0 1 1 1 0 0 0 1]
[0 1 0 0 0 1 0 0 1 0 0 1 1 1 1 -1 0 0 0 0 0 1 1 0 2 0 0 0 1 0]
[0 1 0 0 0 1 0 0 0 1 1 1 1 0 1 0 -1 0 0 0 1 0 0 2 0 0 1 1 0 0]
[0 1 0 0 1 0 0 0 0 0 1 2 0 1 0 0 0 -1 0 0 1 1 0 1 1 1 0 0 0 1]
[0 1 0 0 1 0 1 0 1 1 0 0 2 0 0 0 0 0 -1 0 0 0 1 1 1 0 0 1 0 1]
[0 0 0 1 1 1 0 0 0 0 0 1 1 0 0 0 0 0 0 -1 0 0 0 1 1 0 0 0 0 0]
[0 0 0 1 0 0 1 0 1 0 0 0 2 1 1 0 1 1 0 0 -1 0 2 0 2 0 0 1 1 1]
[0 0 0 1 0 0 1 0 0 1 1 0 2 0 1 1 0 1 0 0 0 -1 1 2 0 0 1 2 0 1]
[0 0 0 0 1 1 0 1 0 1 1 2 0 0 0 1 0 0 1 0 2 1 -1 2 0 1 1 0 0 0]
[0 0 0 0 0 0 1 1 2 0 0 1 1 2 1 0 2 1 1 1 0 2 2 -1 3 1 0 0 2 1]
[0 0 0 0 0 0 1 1 0 2 2 1 1 0 1 2 0 1 1 1 2 0 0 3 -1 1 2 2 0 1]
[1 0 0 0 0 1 0 0 1 1 0 0 2 0 1 0 0 1 0 0 0 0 1 1 1 -1 0 1 0 0]
[1 0 0 0 1 0 0 0 1 0 0 1 1 1 0 0 1 0 0 0 0 1 1 0 2 0 -1 0 0 1]
[0 0 0 0 1 1 0 1 1 0 0 2 0 1 0 0 1 0 1 0 1 2 0 0 2 1 0 -1 1 0]
[1 0 0 0 1 0 0 0 0 1 1 1 1 0 0 1 0 0 0 0 1 0 0 2 0 0 0 1 -1 1]
[0 0 0 0 0 2 0 1 1 1 0 1 1 0 1 0 0 1 1 0 1 1 0 1 1 0 1 0 1 -1]
The automorphism group of dual graph:
Permutation group AutoGroup acting on a set of cardinality 60
Order = 16 = 2^4
    (9, 10)(11, 14)(16, 17)(21, 22)(23, 28)(24, 25)(27, 29)(39, 40)(41, 44)(46, 
        47)(51, 52)(53, 58)(54, 55)(57, 59)
    (7, 26)(9, 22)(10, 21)(11, 28)(12, 13)(14, 23)(18, 19)(37, 56)(39, 52)(40, 
        51)(41, 58)(42, 43)(44, 53)(48, 49)
    (1, 2)(7, 16)(9, 21)(11, 23)(12, 25)(13, 24)(17, 26)(18, 27)(19, 29)(31, 
        32)(37, 46)(39, 51)(41, 53)(42, 55)(43, 54)(47, 56)(48, 57)(49, 59)
    (5, 6)(7, 29)(10, 22)(12, 24)(13, 25)(14, 28)(15, 30)(16, 19)(17, 18)(26, 
        27)(35, 36)(37, 59)(40, 52)(42, 54)(43, 55)(44, 58)(45, 60)(46, 49)(47, 
        48)(56, 57)
Group ID:
<16, 11>
================================
Subgroup No.1/27
Permutation group acting on a set of cardinality 60
Order = 1
Group ID:
<1, 1>
Picard rank = 9
================================
Subgroup No.2/27
Permutation group acting on a set of cardinality 60
Order = 2
    (7, 26)(9, 21)(10, 22)(11, 23)(12, 13)(14, 28)(16, 17)(18, 19)(24, 25)(27, 
        29)(37, 56)(39, 51)(40, 52)(41, 53)(42, 43)(44, 58)(46, 47)(48, 49)(54, 
        55)(57, 59)
Group ID:
<2, 1>
Picard rank = 7
================================
Subgroup No.3/27
Permutation group acting on a set of cardinality 60
Order = 2
    (1, 2)(5, 6)(7, 19)(9, 21)(10, 22)(11, 23)(12, 13)(14, 28)(15, 30)(16, 
        29)(17, 27)(18, 26)(24, 25)(31, 32)(35, 36)(37, 49)(39, 51)(40, 52)(41, 
        53)(42, 43)(44, 58)(45, 60)(46, 59)(47, 57)(48, 56)(54, 55)
Group ID:
<2, 1>
Picard rank = 5
================================
Subgroup No.4/27
Permutation group acting on a set of cardinality 60
Order = 2
    (1, 2)(5, 6)(7, 18)(15, 30)(16, 27)(17, 29)(19, 26)(31, 32)(35, 36)(37, 
        48)(45, 60)(46, 57)(47, 59)(49, 56)
Group ID:
<2, 1>
Picard rank = 7
================================
Subgroup No.5/27
Permutation group acting on a set of cardinality 60
Order = 2
    (5, 6)(7, 29)(10, 22)(12, 24)(13, 25)(14, 28)(15, 30)(16, 19)(17, 18)(26, 
        27)(35, 36)(37, 59)(40, 52)(42, 54)(43, 55)(44, 58)(45, 60)(46, 49)(47, 
        48)(56, 57)
Group ID:
<2, 1>
Picard rank = 7
================================
Subgroup No.6/27
Permutation group acting on a set of cardinality 60
Order = 2
    (9, 10)(11, 14)(16, 17)(21, 22)(23, 28)(24, 25)(27, 29)(39, 40)(41, 44)(46, 
        47)(51, 52)(53, 58)(54, 55)(57, 59)
Group ID:
<2, 1>
Picard rank = 8
================================
Subgroup No.7/27
Permutation group acting on a set of cardinality 60
Order = 2
    (1, 2)(5, 6)(7, 19)(9, 22)(10, 21)(11, 28)(12, 13)(14, 23)(15, 30)(16, 
        27)(17, 29)(18, 26)(31, 32)(35, 36)(37, 49)(39, 52)(40, 51)(41, 58)(42, 
        43)(44, 53)(45, 60)(46, 57)(47, 59)(48, 56)
Group ID:
<2, 1>
Picard rank = 6
================================
Subgroup No.8/27
Permutation group acting on a set of cardinality 60
Order = 2
    (1, 2)(7, 16)(9, 21)(11, 23)(12, 25)(13, 24)(17, 26)(18, 27)(19, 29)(31, 
        32)(37, 46)(39, 51)(41, 53)(42, 55)(43, 54)(47, 56)(48, 57)(49, 59)
Group ID:
<2, 1>
Picard rank = 7
================================
Subgroup No.9/27
Permutation group acting on a set of cardinality 60
Order = 4 = 2^2
    (1, 2)(7, 16, 26, 17)(9, 10, 21, 22)(11, 14, 23, 28)(12, 25, 13, 24)(18, 27,
        19, 29)(31, 32)(37, 46, 56, 47)(39, 40, 51, 52)(41, 44, 53, 58)(42, 55, 
        43, 54)(48, 57, 49, 59)
    (7, 26)(9, 21)(10, 22)(11, 23)(12, 13)(14, 28)(16, 17)(18, 19)(24, 25)(27, 
        29)(37, 56)(39, 51)(40, 52)(41, 53)(42, 43)(44, 58)(46, 47)(48, 49)(54, 
        55)(57, 59)
Group ID:
<4, 1>
Picard rank = 6
================================
Subgroup No.10/27
Permutation group acting on a set of cardinality 60
Order = 4 = 2^2
    (1, 2)(7, 16)(9, 21)(11, 23)(12, 25)(13, 24)(17, 26)(18, 27)(19, 29)(31, 
        32)(37, 46)(39, 51)(41, 53)(42, 55)(43, 54)(47, 56)(48, 57)(49, 59)
    (7, 26)(9, 21)(10, 22)(11, 23)(12, 13)(14, 28)(16, 17)(18, 19)(24, 25)(27, 
        29)(37, 56)(39, 51)(40, 52)(41, 53)(42, 43)(44, 58)(46, 47)(48, 49)(54, 
        55)(57, 59)
Group ID:
<4, 2>
Picard rank = 6
================================
Subgroup No.11/27
Permutation group acting on a set of cardinality 60
Order = 4 = 2^2
    (5, 6)(7, 29, 26, 27)(9, 22, 21, 10)(11, 28, 23, 14)(12, 24, 13, 25)(15, 
        30)(16, 18, 17, 19)(35, 36)(37, 59, 56, 57)(39, 52, 51, 40)(41, 58, 53, 
        44)(42, 54, 43, 55)(45, 60)(46, 48, 47, 49)
    (7, 26)(9, 21)(10, 22)(11, 23)(12, 13)(14, 28)(16, 17)(18, 19)(24, 25)(27, 
        29)(37, 56)(39, 51)(40, 52)(41, 53)(42, 43)(44, 58)(46, 47)(48, 49)(54, 
        55)(57, 59)
Group ID:
<4, 1>
Picard rank = 6
================================
Subgroup No.12/27
Permutation group acting on a set of cardinality 60
Order = 4 = 2^2
    (9, 10)(11, 14)(16, 17)(21, 22)(23, 28)(24, 25)(27, 29)(39, 40)(41, 44)(46, 
        47)(51, 52)(53, 58)(54, 55)(57, 59)
    (7, 26)(9, 21)(10, 22)(11, 23)(12, 13)(14, 28)(16, 17)(18, 19)(24, 25)(27, 
        29)(37, 56)(39, 51)(40, 52)(41, 53)(42, 43)(44, 58)(46, 47)(48, 49)(54, 
        55)(57, 59)
Group ID:
<4, 2>
Picard rank = 7
================================
Subgroup No.13/27
Permutation group acting on a set of cardinality 60
Order = 4 = 2^2
    (1, 2)(5, 6)(7, 19)(9, 21)(10, 22)(11, 23)(12, 13)(14, 28)(15, 30)(16, 
        29)(17, 27)(18, 26)(24, 25)(31, 32)(35, 36)(37, 49)(39, 51)(40, 52)(41, 
        53)(42, 43)(44, 58)(45, 60)(46, 59)(47, 57)(48, 56)(54, 55)
    (7, 26)(9, 21)(10, 22)(11, 23)(12, 13)(14, 28)(16, 17)(18, 19)(24, 25)(27, 
        29)(37, 56)(39, 51)(40, 52)(41, 53)(42, 43)(44, 58)(46, 47)(48, 49)(54, 
        55)(57, 59)
Group ID:
<4, 2>
Picard rank = 5
================================
Subgroup No.14/27
Permutation group acting on a set of cardinality 60
Order = 4 = 2^2
    (1, 2)(5, 6)(7, 19)(9, 22)(10, 21)(11, 28)(12, 13)(14, 23)(15, 30)(16, 
        27)(17, 29)(18, 26)(31, 32)(35, 36)(37, 49)(39, 52)(40, 51)(41, 58)(42, 
        43)(44, 53)(45, 60)(46, 57)(47, 59)(48, 56)
    (7, 26)(9, 21)(10, 22)(11, 23)(12, 13)(14, 28)(16, 17)(18, 19)(24, 25)(27, 
        29)(37, 56)(39, 51)(40, 52)(41, 53)(42, 43)(44, 58)(46, 47)(48, 49)(54, 
        55)(57, 59)
Group ID:
<4, 2>
Picard rank = 5
================================
Subgroup No.15/27
Permutation group acting on a set of cardinality 60
Order = 4 = 2^2
    (5, 6)(7, 29)(10, 22)(12, 24)(13, 25)(14, 28)(15, 30)(16, 19)(17, 18)(26, 
        27)(35, 36)(37, 59)(40, 52)(42, 54)(43, 55)(44, 58)(45, 60)(46, 49)(47, 
        48)(56, 57)
    (7, 26)(9, 21)(10, 22)(11, 23)(12, 13)(14, 28)(16, 17)(18, 19)(24, 25)(27, 
        29)(37, 56)(39, 51)(40, 52)(41, 53)(42, 43)(44, 58)(46, 47)(48, 49)(54, 
        55)(57, 59)
Group ID:
<4, 2>
Picard rank = 6
================================
Subgroup No.16/27
Permutation group acting on a set of cardinality 60
Order = 4 = 2^2
    (9, 10)(11, 14)(16, 17)(21, 22)(23, 28)(24, 25)(27, 29)(39, 40)(41, 44)(46, 
        47)(51, 52)(53, 58)(54, 55)(57, 59)
    (1, 2)(5, 6)(7, 19)(9, 21)(10, 22)(11, 23)(12, 13)(14, 28)(15, 30)(16, 
        29)(17, 27)(18, 26)(24, 25)(31, 32)(35, 36)(37, 49)(39, 51)(40, 52)(41, 
        53)(42, 43)(44, 58)(45, 60)(46, 59)(47, 57)(48, 56)(54, 55)
Group ID:
<4, 2>
Picard rank = 5
================================
Subgroup No.17/27
Permutation group acting on a set of cardinality 60
Order = 4 = 2^2
    (9, 10)(11, 14)(16, 17)(21, 22)(23, 28)(24, 25)(27, 29)(39, 40)(41, 44)(46, 
        47)(51, 52)(53, 58)(54, 55)(57, 59)
    (1, 2)(5, 6)(7, 18)(15, 30)(16, 27)(17, 29)(19, 26)(31, 32)(35, 36)(37, 
        48)(45, 60)(46, 57)(47, 59)(49, 56)
Group ID:
<4, 2>
Picard rank = 6
================================
Subgroup No.18/27
Permutation group acting on a set of cardinality 60
Order = 4 = 2^2
    (1, 2)(7, 16)(9, 21)(11, 23)(12, 25)(13, 24)(17, 26)(18, 27)(19, 29)(31, 
        32)(37, 46)(39, 51)(41, 53)(42, 55)(43, 54)(47, 56)(48, 57)(49, 59)
    (5, 6)(7, 29)(10, 22)(12, 24)(13, 25)(14, 28)(15, 30)(16, 19)(17, 18)(26, 
        27)(35, 36)(37, 59)(40, 52)(42, 54)(43, 55)(44, 58)(45, 60)(46, 49)(47, 
        48)(56, 57)
Group ID:
<4, 2>
Picard rank = 5
================================
Subgroup No.19/27
Permutation group acting on a set of cardinality 60
Order = 4 = 2^2
    (1, 2)(7, 17)(10, 22)(12, 24)(13, 25)(14, 28)(16, 26)(18, 29)(19, 27)(31, 
        32)(37, 47)(40, 52)(42, 54)(43, 55)(44, 58)(46, 56)(48, 59)(49, 57)
    (5, 6)(7, 29)(10, 22)(12, 24)(13, 25)(14, 28)(15, 30)(16, 19)(17, 18)(26, 
        27)(35, 36)(37, 59)(40, 52)(42, 54)(43, 55)(44, 58)(45, 60)(46, 49)(47, 
        48)(56, 57)
Group ID:
<4, 2>
Picard rank = 6
================================
Subgroup No.20/27
Permutation group acting on a set of cardinality 60
Order = 8 = 2^3
    (9, 10)(11, 14)(16, 17)(21, 22)(23, 28)(24, 25)(27, 29)(39, 40)(41, 44)(46, 
        47)(51, 52)(53, 58)(54, 55)(57, 59)
    (1, 2)(5, 6)(7, 19)(9, 21)(10, 22)(11, 23)(12, 13)(14, 28)(15, 30)(16, 
        29)(17, 27)(18, 26)(24, 25)(31, 32)(35, 36)(37, 49)(39, 51)(40, 52)(41, 
        53)(42, 43)(44, 58)(45, 60)(46, 59)(47, 57)(48, 56)(54, 55)
    (7, 26)(9, 21)(10, 22)(11, 23)(12, 13)(14, 28)(16, 17)(18, 19)(24, 25)(27, 
        29)(37, 56)(39, 51)(40, 52)(41, 53)(42, 43)(44, 58)(46, 47)(48, 49)(54, 
        55)(57, 59)
Group ID:
<8, 5>
Picard rank = 5
================================
Subgroup No.21/27
Permutation group acting on a set of cardinality 60
Order = 8 = 2^3
    (5, 6)(7, 29, 26, 27)(9, 22, 21, 10)(11, 28, 23, 14)(12, 24, 13, 25)(15, 
        30)(16, 18, 17, 19)(35, 36)(37, 59, 56, 57)(39, 52, 51, 40)(41, 58, 53, 
        44)(42, 54, 43, 55)(45, 60)(46, 48, 47, 49)
    (1, 2)(5, 6)(7, 19)(9, 21)(10, 22)(11, 23)(12, 13)(14, 28)(15, 30)(16, 
        29)(17, 27)(18, 26)(24, 25)(31, 32)(35, 36)(37, 49)(39, 51)(40, 52)(41, 
        53)(42, 43)(44, 58)(45, 60)(46, 59)(47, 57)(48, 56)(54, 55)
    (7, 26)(9, 21)(10, 22)(11, 23)(12, 13)(14, 28)(16, 17)(18, 19)(24, 25)(27, 
        29)(37, 56)(39, 51)(40, 52)(41, 53)(42, 43)(44, 58)(46, 47)(48, 49)(54, 
        55)(57, 59)
Group ID:
<8, 2>
Picard rank = 5
================================
Subgroup No.22/27
Permutation group acting on a set of cardinality 60
Order = 8 = 2^3
    (9, 10)(11, 14)(16, 17)(21, 22)(23, 28)(24, 25)(27, 29)(39, 40)(41, 44)(46, 
        47)(51, 52)(53, 58)(54, 55)(57, 59)
    (5, 6)(7, 29)(10, 22)(12, 24)(13, 25)(14, 28)(15, 30)(16, 19)(17, 18)(26, 
        27)(35, 36)(37, 59)(40, 52)(42, 54)(43, 55)(44, 58)(45, 60)(46, 49)(47, 
        48)(56, 57)
    (7, 26)(9, 21)(10, 22)(11, 23)(12, 13)(14, 28)(16, 17)(18, 19)(24, 25)(27, 
        29)(37, 56)(39, 51)(40, 52)(41, 53)(42, 43)(44, 58)(46, 47)(48, 49)(54, 
        55)(57, 59)
Group ID:
<8, 3>
Picard rank = 6
================================
Subgroup No.23/27
Permutation group acting on a set of cardinality 60
Order = 8 = 2^3
    (1, 2)(7, 16, 26, 17)(9, 10, 21, 22)(11, 14, 23, 28)(12, 25, 13, 24)(18, 27,
        19, 29)(31, 32)(37, 46, 56, 47)(39, 40, 51, 52)(41, 44, 53, 58)(42, 55, 
        43, 54)(48, 57, 49, 59)
    (5, 6)(7, 29)(10, 22)(12, 24)(13, 25)(14, 28)(15, 30)(16, 19)(17, 18)(26, 
        27)(35, 36)(37, 59)(40, 52)(42, 54)(43, 55)(44, 58)(45, 60)(46, 49)(47, 
        48)(56, 57)
    (7, 26)(9, 21)(10, 22)(11, 23)(12, 13)(14, 28)(16, 17)(18, 19)(24, 25)(27, 
        29)(37, 56)(39, 51)(40, 52)(41, 53)(42, 43)(44, 58)(46, 47)(48, 49)(54, 
        55)(57, 59)
Group ID:
<8, 3>
Picard rank = 5
================================
Subgroup No.24/27
Permutation group acting on a set of cardinality 60
Order = 8 = 2^3
    (9, 10)(11, 14)(16, 17)(21, 22)(23, 28)(24, 25)(27, 29)(39, 40)(41, 44)(46, 
        47)(51, 52)(53, 58)(54, 55)(57, 59)
    (1, 2)(7, 16)(9, 21)(11, 23)(12, 25)(13, 24)(17, 26)(18, 27)(19, 29)(31, 
        32)(37, 46)(39, 51)(41, 53)(42, 55)(43, 54)(47, 56)(48, 57)(49, 59)
    (7, 26)(9, 21)(10, 22)(11, 23)(12, 13)(14, 28)(16, 17)(18, 19)(24, 25)(27, 
        29)(37, 56)(39, 51)(40, 52)(41, 53)(42, 43)(44, 58)(46, 47)(48, 49)(54, 
        55)(57, 59)
Group ID:
<8, 3>
Picard rank = 6
================================
Subgroup No.25/27
Permutation group acting on a set of cardinality 60
Order = 8 = 2^3
    (5, 6)(7, 29, 26, 27)(9, 22, 21, 10)(11, 28, 23, 14)(12, 24, 13, 25)(15, 
        30)(16, 18, 17, 19)(35, 36)(37, 59, 56, 57)(39, 52, 51, 40)(41, 58, 53, 
        44)(42, 54, 43, 55)(45, 60)(46, 48, 47, 49)
    (1, 2)(7, 16)(9, 21)(11, 23)(12, 25)(13, 24)(17, 26)(18, 27)(19, 29)(31, 
        32)(37, 46)(39, 51)(41, 53)(42, 55)(43, 54)(47, 56)(48, 57)(49, 59)
    (7, 26)(9, 21)(10, 22)(11, 23)(12, 13)(14, 28)(16, 17)(18, 19)(24, 25)(27, 
        29)(37, 56)(39, 51)(40, 52)(41, 53)(42, 43)(44, 58)(46, 47)(48, 49)(54, 
        55)(57, 59)
Group ID:
<8, 3>
Picard rank = 5
================================
Subgroup No.26/27
Permutation group acting on a set of cardinality 60
Order = 8 = 2^3
    (1, 2)(7, 16)(9, 21)(11, 23)(12, 25)(13, 24)(17, 26)(18, 27)(19, 29)(31, 
        32)(37, 46)(39, 51)(41, 53)(42, 55)(43, 54)(47, 56)(48, 57)(49, 59)
    (5, 6)(7, 29)(10, 22)(12, 24)(13, 25)(14, 28)(15, 30)(16, 19)(17, 18)(26, 
        27)(35, 36)(37, 59)(40, 52)(42, 54)(43, 55)(44, 58)(45, 60)(46, 49)(47, 
        48)(56, 57)
    (7, 26)(9, 21)(10, 22)(11, 23)(12, 13)(14, 28)(16, 17)(18, 19)(24, 25)(27, 
        29)(37, 56)(39, 51)(40, 52)(41, 53)(42, 43)(44, 58)(46, 47)(48, 49)(54, 
        55)(57, 59)
Group ID:
<8, 5>
Picard rank = 5
================================
Subgroup No.27/27
Permutation group acting on a set of cardinality 60
Order = 16 = 2^4
    (9, 10)(11, 14)(16, 17)(21, 22)(23, 28)(24, 25)(27, 29)(39, 40)(41, 44)(46, 
        47)(51, 52)(53, 58)(54, 55)(57, 59)
    (1, 2)(7, 16)(9, 21)(11, 23)(12, 25)(13, 24)(17, 26)(18, 27)(19, 29)(31, 
        32)(37, 46)(39, 51)(41, 53)(42, 55)(43, 54)(47, 56)(48, 57)(49, 59)
    (5, 6)(7, 29)(10, 22)(12, 24)(13, 25)(14, 28)(15, 30)(16, 19)(17, 18)(26, 
        27)(35, 36)(37, 59)(40, 52)(42, 54)(43, 55)(44, 58)(45, 60)(46, 49)(47, 
        48)(56, 57)
    (7, 26)(9, 21)(10, 22)(11, 23)(12, 13)(14, 28)(16, 17)(18, 19)(24, 25)(27, 
        29)(37, 56)(39, 51)(40, 52)(41, 53)(42, 43)(44, 58)(46, 47)(48, 49)(54, 
        55)(57, 59)
Group ID:
<16, 11>
Picard rank = 5
================================
