deg1_D6+A1.txt
(-2)-curves:
[
    ( 1 -1 -1 -1  0  0  0  0  0),
    ( 0  0  1 -1  0  0  0  0  0),
    ( 0  0  0  1 -1  0  0  0  0),
    ( 0  0  0  0  1 -1  0  0  0),
    ( 0  0  0  0  0  1 -1  0  0),
    ( 0  0  0  0  0  0  1 -1  0),
    ( 2  0 -1 -1 -1 -1 -1 -1  0)
]
# of (-1)-classes = 240
# of (-1)-curves = 9
list of (-1)-curves:
[*
    (0 1 0 0 0 0 0 0 0),
    ( 2  0 -1 -1 -1 -1  0  0 -1),
    ( 3  0 -1 -1 -1 -1 -1 -1 -2),
    ( 1 -1  0  0  0  0  0  0 -1),
    ( 1  0 -1  0  0  0  0  0 -1),
    (0 0 0 0 0 0 0 1 0),
    ( 3 -1 -1 -1 -1 -1 -1  0 -2),
    (0 0 0 0 0 0 0 0 1),
    ( 6 -2 -2 -2 -2 -2 -2 -2 -3)
*]
The intersection matrix of negative curves:
[-2  0  1  0  0  0  0  1  0  1  0  0  0  0  0  0]
[ 0 -2  1  0  0  0  0  0  0  0  0  1  0  0  0  0]
[ 1  1 -2  1  0  0  0  0  0  0  0  0  0  0  0  0]
[ 0  0  1 -2  1  0  0  0  0  0  0  0  0  0  0  0]
[ 0  0  0  1 -2  1  0  0  1  0  0  0  0  0  0  0]
[ 0  0  0  0  1 -2  0  0  0  0  0  0  1  1  0  0]
[ 0  0  0  0  0  0 -2  0  0  0  2  1  1  1  0  0]
[ 1  0  0  0  0  0  0 -1  0  0  1  0  0  1  0  2]
[ 0  0  0  0  1  0  0  0 -1  0  1  0  0  0  1  1]
[ 1  0  0  0  0  0  0  0  0 -1  1  0  1  0  2  0]
[ 0  0  0  0  0  0  2  1  1  1 -1  0  0  0  1  1]
[ 0  1  0  0  0  0  1  0  0  0  0 -1  0  0  1  1]
[ 0  0  0  0  0  1  1  0  0  1  0  0 -1  0  0  2]
[ 0  0  0  0  0  1  1  1  0  0  0  0  0 -1  2  0]
[ 0  0  0  0  0  0  0  0  1  2  1  1  0  2 -1  3]
[ 0  0  0  0  0  0  0  2  1  0  1  1  2  0  3 -1]
The automorphism group of dual graph:
Permutation group AutoGroup acting on a set of cardinality 32
Order = 2
    (8, 10)(13, 14)(15, 16)(24, 26)(29, 30)(31, 32)
Group ID:
<2, 1>
================================
Subgroup No.1/2
Permutation group acting on a set of cardinality 32
Order = 1
Group ID:
<1, 1>
Picard rank = 9
================================
Subgroup No.2/2
Permutation group acting on a set of cardinality 32
Order = 2
    (8, 10)(13, 14)(15, 16)(24, 26)(29, 30)(31, 32)
Group ID:
<2, 1>
Picard rank = 8
================================
