deg1_2A3.txt
(-2)-curves:
[
    ( 1 -1 -1 -1  0  0  0  0  0),
    ( 0  0  0  1 -1  0  0  0  0),
    ( 0  0  0  0  1 -1  0  0  0),
    ( 0  0  0  0  0  0  1 -1  0),
    ( 0  0  0  0  0  0  0  1 -1),
    (-3  1  1  1  1  1  1  1  2)
]
# of (-1)-classes = 240
# of (-1)-curves = 23
list of (-1)-curves:
[*
    ( 5 -1 -1 -2 -2 -2 -2 -2 -2),
    ( 3 -2  0 -1 -1 -1 -1 -1 -1),
    ( 3  0 -2 -1 -1 -1 -1 -1 -1),
    ( 2  0  0 -1 -1  0 -1 -1 -1),
    ( 3  0 -1 -2 -1 -1 -1 -1 -1),
    ( 2  0 -1 -1  0  0 -1 -1 -1),
    ( 5 -1 -2 -2 -2 -1 -2 -2 -2),
    ( 3  0 -1 -1 -1 -1 -2 -1 -1),
    ( 4 -2 -1 -1 -1 -1 -2 -2 -1),
    ( 5 -1 -2 -2 -2 -2 -2 -2 -1),
    ( 3 -1  0 -2 -1 -1 -1 -1 -1),
    ( 2 -1  0 -1  0  0 -1 -1 -1),
    ( 5 -2 -1 -2 -2 -1 -2 -2 -2),
    ( 3 -1  0 -1 -1 -1 -2 -1 -1),
    ( 4 -1 -2 -1 -1 -1 -2 -2 -1),
    ( 5 -2 -1 -2 -2 -2 -2 -2 -1),
    ( 4 -1 -1 -2 -2 -2 -1 -1 -1),
    ( 2 -1 -1  0  0  0 -1 -1 -1),
    ( 4 -1 -1 -2 -2 -1 -2 -1 -1),
    ( 4 -1 -1 -2 -1 -1 -2 -2 -1),
    ( 3 -1 -1 -1 -1  0 -2 -1 -1),
    ( 6 -2 -2 -2 -2 -2 -3 -2 -2),
    ( 4 -1 -1 -1 -1 -1 -2 -2 -2)
*]
The intersection matrix of negative curves:
[-2 1 0 0 0 0 1 0 0 1 0 0 0 1 0 0 0 0 0 1 0 0 0 0 0 0 0 0 1]
[1 -2 1 0 0 0 0 0 0 0 1 1 0 0 0 0 1 1 0 0 0 0 0 0 0 1 0 0 0]
[0 1 -2 0 0 0 0 0 0 1 0 0 1 0 0 0 0 0 1 0 0 0 0 0 1 0 1 0 0]
[0 0 0 -2 1 0 0 0 0 0 0 0 0 1 0 0 0 0 0 1 0 0 0 0 1 0 1 1 0]
[0 0 0 1 -2 1 0 0 0 0 0 0 0 0 1 1 0 0 0 0 1 1 0 0 0 1 0 0 0]
[0 0 0 0 1 -2 1 0 0 0 0 0 1 0 0 0 0 0 1 0 0 0 0 0 0 0 0 1 1]
[1 0 0 0 0 1 -1 1 1 0 0 1 0 0 1 0 0 1 0 0 1 0 0 2 0 0 1 0 0]
[0 0 0 0 0 0 1 -1 3 1 2 2 2 2 0 2 0 0 0 0 2 0 1 1 1 1 1 1 1]
[0 0 0 0 0 0 1 3 -1 1 0 0 0 0 2 0 2 2 2 2 0 2 1 1 1 1 1 1 1]
[1 0 1 0 0 0 0 1 1 -1 0 0 0 0 1 1 0 0 0 0 1 1 1 1 0 0 0 1 0]
[0 1 0 0 0 0 0 2 0 0 -1 0 0 0 2 0 0 1 1 1 1 1 0 2 0 0 1 1 1]
[0 1 0 0 0 0 1 2 0 0 0 -1 0 0 1 1 1 0 1 1 0 2 2 0 1 0 0 1 0]
[0 0 1 0 0 1 0 2 0 0 0 0 -1 0 1 0 1 1 0 1 0 1 1 1 0 0 0 0 0]
[1 0 0 1 0 0 0 2 0 0 0 0 0 -1 1 0 1 1 1 0 0 1 1 1 0 0 0 0 0]
[0 0 0 0 1 0 1 0 2 1 2 1 1 1 -1 1 1 0 0 0 0 0 2 0 1 0 0 0 0]
[0 0 0 0 1 0 0 2 0 1 0 1 0 0 1 -1 1 2 1 1 0 0 0 2 0 0 1 0 1]
[0 1 0 0 0 0 0 0 2 0 0 1 1 1 1 1 -1 0 0 0 2 0 0 2 0 0 1 1 1]
[0 1 0 0 0 0 1 0 2 0 1 0 1 1 0 2 0 -1 0 0 1 1 2 0 1 0 0 1 0]
[0 0 1 0 0 1 0 0 2 0 1 1 0 1 0 1 0 0 -1 0 1 0 1 1 0 0 0 0 0]
[1 0 0 1 0 0 0 0 2 0 1 1 1 0 0 1 0 0 0 -1 1 0 1 1 0 0 0 0 0]
[0 0 0 0 1 0 1 2 0 1 1 0 0 0 0 0 2 1 1 1 -1 1 2 0 1 0 0 0 0]
[0 0 0 0 1 0 0 0 2 1 1 2 1 1 0 0 0 1 0 0 1 -1 0 2 0 0 1 0 1]
[0 0 0 0 0 0 0 1 1 1 0 2 1 1 2 0 0 2 1 1 2 0 -1 3 0 1 2 1 2]
[0 0 0 0 0 0 2 1 1 1 2 0 1 1 0 2 2 0 1 1 0 2 3 -1 2 1 0 1 0]
[0 0 1 1 0 0 0 1 1 0 0 1 0 0 1 0 0 1 0 0 1 0 0 2 -1 0 0 0 1]
[0 1 0 0 1 0 0 1 1 0 0 0 0 0 0 0 0 0 0 0 0 0 1 1 0 -1 0 0 0]
[0 0 1 1 0 0 1 1 1 0 1 0 0 0 0 1 1 0 0 0 0 1 2 0 0 0 -1 0 0]
[0 0 0 1 0 1 0 1 1 1 1 1 0 0 0 0 1 1 0 0 0 0 1 1 0 0 0 -1 0]
[1 0 0 0 0 1 0 1 1 0 1 0 0 0 0 1 1 0 0 0 0 1 2 0 1 0 0 0 -1]
The automorphism group of dual graph:
Permutation group AutoGroup acting on a set of cardinality 58
Order = 32 = 2^5
    (8, 9)(11, 17)(12, 18)(13, 19)(14, 20)(15, 21)(16, 22)(37, 38)(40, 46)(41, 
        47)(42, 48)(43, 49)(44, 50)(45, 51)
    (7, 29)(11, 12)(15, 22)(16, 21)(17, 18)(23, 24)(25, 27)(36, 58)(40, 41)(44, 
        51)(45, 50)(46, 47)(52, 53)(54, 56)
    (4, 6)(7, 14)(8, 24)(9, 23)(12, 17)(13, 25)(19, 27)(20, 29)(21, 22)(33, 
        35)(36, 43)(37, 53)(38, 52)(41, 46)(42, 54)(48, 56)(49, 58)(50, 51)
    (1, 3)(7, 13)(8, 24)(9, 23)(12, 17)(14, 25)(19, 29)(20, 27)(21, 22)(30, 
        32)(36, 42)(37, 53)(38, 52)(41, 46)(43, 54)(48, 58)(49, 56)(50, 51)
    (1, 6)(2, 5)(3, 4)(10, 28)(11, 16)(12, 21)(13, 14)(15, 18)(17, 22)(19, 
        20)(30, 35)(31, 34)(32, 33)(39, 57)(40, 45)(41, 50)(42, 43)(44, 47)(46, 
        51)(48, 49)
Group ID:
<32, 27>
================================
Subgroup No.1/65
Permutation group acting on a set of cardinality 58
Order = 1
Group ID:
<1, 1>
Picard rank = 9
================================
Subgroup No.2/65
Permutation group acting on a set of cardinality 58
Order = 2
    (7, 29)(8, 9)(11, 18)(12, 17)(13, 19)(14, 20)(15, 16)(21, 22)(23, 24)(25, 
        27)(36, 58)(37, 38)(40, 47)(41, 46)(42, 48)(43, 49)(44, 45)(50, 51)(52, 
        53)(54, 56)
Group ID:
<2, 1>
Picard rank = 7
================================
Subgroup No.3/65
Permutation group acting on a set of cardinality 58
Order = 2
    (1, 3)(4, 6)(7, 27)(8, 9)(11, 18)(12, 17)(13, 20)(14, 19)(15, 16)(21, 
        22)(23, 24)(25, 29)(30, 32)(33, 35)(36, 56)(37, 38)(40, 47)(41, 46)(42, 
        49)(43, 48)(44, 45)(50, 51)(52, 53)(54, 58)
Group ID:
<2, 1>
Picard rank = 5
================================
Subgroup No.4/65
Permutation group acting on a set of cardinality 58
Order = 2
    (1, 3)(4, 6)(7, 25)(13, 14)(19, 20)(27, 29)(30, 32)(33, 35)(36, 54)(42, 
        43)(48, 49)(56, 58)
Group ID:
<2, 1>
Picard rank = 7
================================
Subgroup No.5/65
Permutation group acting on a set of cardinality 58
Order = 2
    (1, 6)(2, 5)(3, 4)(7, 29)(8, 9)(10, 28)(11, 15)(12, 22)(13, 20)(14, 19)(16, 
        18)(17, 21)(23, 24)(25, 27)(30, 35)(31, 34)(32, 33)(36, 58)(37, 38)(39, 
        57)(40, 44)(41, 51)(42, 49)(43, 48)(45, 47)(46, 50)(52, 53)(54, 56)
Group ID:
<2, 1>
Picard rank = 4
================================
Subgroup No.6/65
Permutation group acting on a set of cardinality 58
Order = 2
    (1, 3)(4, 6)(7, 25)(8, 9)(11, 17)(12, 18)(13, 20)(14, 19)(15, 21)(16, 
        22)(27, 29)(30, 32)(33, 35)(36, 54)(37, 38)(40, 46)(41, 47)(42, 49)(43, 
        48)(44, 50)(45, 51)(56, 58)
Group ID:
<2, 1>
Picard rank = 6
================================
Subgroup No.7/65
Permutation group acting on a set of cardinality 58
Order = 2
    (1, 6)(2, 5)(3, 4)(8, 9)(10, 28)(11, 22)(12, 15)(13, 20)(14, 19)(16, 17)(18,
        21)(30, 35)(31, 34)(32, 33)(37, 38)(39, 57)(40, 51)(41, 44)(42, 49)(43, 
        48)(45, 46)(47, 50)
Group ID:
<2, 1>
Picard rank = 5
================================
Subgroup No.8/65
Permutation group acting on a set of cardinality 58
Order = 2
    (1, 6)(2, 5)(3, 4)(7, 29)(10, 28)(11, 21)(12, 16)(13, 14)(15, 17)(18, 
        22)(19, 20)(23, 24)(25, 27)(30, 35)(31, 34)(32, 33)(36, 58)(39, 57)(40, 
        50)(41, 45)(42, 43)(44, 46)(47, 51)(48, 49)(52, 53)(54, 56)
Group ID:
<2, 1>
Picard rank = 5
================================
Subgroup No.9/65
Permutation group acting on a set of cardinality 58
Order = 2
    (1, 6)(2, 5)(3, 4)(10, 28)(11, 16)(12, 21)(13, 14)(15, 18)(17, 22)(19, 
        20)(30, 35)(31, 34)(32, 33)(39, 57)(40, 45)(41, 50)(42, 43)(44, 47)(46, 
        51)(48, 49)
Group ID:
<2, 1>
Picard rank = 6
================================
Subgroup No.10/65
Permutation group acting on a set of cardinality 58
Order = 2
    (8, 9)(11, 17)(12, 18)(13, 19)(14, 20)(15, 21)(16, 22)(37, 38)(40, 46)(41, 
        47)(42, 48)(43, 49)(44, 50)(45, 51)
Group ID:
<2, 1>
Picard rank = 8
================================
Subgroup No.11/65
Permutation group acting on a set of cardinality 58
Order = 2
    (4, 6)(7, 14)(8, 24)(9, 23)(12, 17)(13, 25)(19, 27)(20, 29)(21, 22)(33, 
        35)(36, 43)(37, 53)(38, 52)(41, 46)(42, 54)(48, 56)(49, 58)(50, 51)
Group ID:
<2, 1>
Picard rank = 7
================================
Subgroup No.12/65
Permutation group acting on a set of cardinality 58
Order = 4 = 2^2
    (1, 6)(2, 5)(3, 4)(7, 29)(8, 9)(10, 28)(11, 15)(12, 22)(13, 20)(14, 19)(16, 
        18)(17, 21)(23, 24)(25, 27)(30, 35)(31, 34)(32, 33)(36, 58)(37, 38)(39, 
        57)(40, 44)(41, 51)(42, 49)(43, 48)(45, 47)(46, 50)(52, 53)(54, 56)
    (1, 3)(4, 6)(7, 25)(13, 14)(19, 20)(27, 29)(30, 32)(33, 35)(36, 54)(42, 
        43)(48, 49)(56, 58)
Group ID:
<4, 2>
Picard rank = 3
================================
Subgroup No.13/65
Permutation group acting on a set of cardinality 58
Order = 4 = 2^2
    (1, 6)(2, 5)(3, 4)(7, 29)(10, 28)(11, 21)(12, 16)(13, 14)(15, 17)(18, 
        22)(19, 20)(23, 24)(25, 27)(30, 35)(31, 34)(32, 33)(36, 58)(39, 57)(40, 
        50)(41, 45)(42, 43)(44, 46)(47, 51)(48, 49)(52, 53)(54, 56)
    (1, 3)(4, 6)(7, 27)(8, 9)(11, 18)(12, 17)(13, 20)(14, 19)(15, 16)(21, 
        22)(23, 24)(25, 29)(30, 32)(33, 35)(36, 56)(37, 38)(40, 47)(41, 46)(42, 
        49)(43, 48)(44, 45)(50, 51)(52, 53)(54, 58)
Group ID:
<4, 2>
Picard rank = 3
================================
Subgroup No.14/65
Permutation group acting on a set of cardinality 58
Order = 4 = 2^2
    (1, 3)(4, 6)(7, 25)(8, 9)(11, 17)(12, 18)(13, 20)(14, 19)(15, 21)(16, 
        22)(27, 29)(30, 32)(33, 35)(36, 54)(37, 38)(40, 46)(41, 47)(42, 49)(43, 
        48)(44, 50)(45, 51)(56, 58)
    (7, 29)(8, 9)(11, 18)(12, 17)(13, 19)(14, 20)(15, 16)(21, 22)(23, 24)(25, 
        27)(36, 58)(37, 38)(40, 47)(41, 46)(42, 48)(43, 49)(44, 45)(50, 51)(52, 
        53)(54, 56)
Group ID:
<4, 2>
Picard rank = 5
================================
Subgroup No.15/65
Permutation group acting on a set of cardinality 58
Order = 4 = 2^2
    (7, 29)(8, 9)(11, 18)(12, 17)(13, 19)(14, 20)(15, 16)(21, 22)(23, 24)(25, 
        27)(36, 58)(37, 38)(40, 47)(41, 46)(42, 48)(43, 49)(44, 45)(50, 51)(52, 
        53)(54, 56)
    (1, 3)(4, 6)(7, 25)(13, 14)(19, 20)(27, 29)(30, 32)(33, 35)(36, 54)(42, 
        43)(48, 49)(56, 58)
Group ID:
<4, 2>
Picard rank = 5
================================
Subgroup No.16/65
Permutation group acting on a set of cardinality 58
Order = 4 = 2^2
    (8, 9)(11, 17)(12, 18)(13, 19)(14, 20)(15, 21)(16, 22)(37, 38)(40, 46)(41, 
        47)(42, 48)(43, 49)(44, 50)(45, 51)
    (7, 29)(8, 9)(11, 18)(12, 17)(13, 19)(14, 20)(15, 16)(21, 22)(23, 24)(25, 
        27)(36, 58)(37, 38)(40, 47)(41, 46)(42, 48)(43, 49)(44, 45)(50, 51)(52, 
        53)(54, 56)
Group ID:
<4, 2>
Picard rank = 7
================================
Subgroup No.17/65
Permutation group acting on a set of cardinality 58
Order = 4 = 2^2
    (1, 6)(2, 5)(3, 4)(8, 9)(10, 28)(11, 22)(12, 15)(13, 20)(14, 19)(16, 17)(18,
        21)(30, 35)(31, 34)(32, 33)(37, 38)(39, 57)(40, 51)(41, 44)(42, 49)(43, 
        48)(45, 46)(47, 50)
    (1, 3)(4, 6)(7, 27)(8, 9)(11, 18)(12, 17)(13, 20)(14, 19)(15, 16)(21, 
        22)(23, 24)(25, 29)(30, 32)(33, 35)(36, 56)(37, 38)(40, 47)(41, 46)(42, 
        49)(43, 48)(44, 45)(50, 51)(52, 53)(54, 58)
Group ID:
<4, 2>
Picard rank = 3
================================
Subgroup No.18/65
Permutation group acting on a set of cardinality 58
Order = 4 = 2^2
    (1, 6)(2, 5)(3, 4)(10, 28)(11, 16)(12, 21)(13, 14)(15, 18)(17, 22)(19, 
        20)(30, 35)(31, 34)(32, 33)(39, 57)(40, 45)(41, 50)(42, 43)(44, 47)(46, 
        51)(48, 49)
    (1, 3)(4, 6)(7, 25)(13, 14)(19, 20)(27, 29)(30, 32)(33, 35)(36, 54)(42, 
        43)(48, 49)(56, 58)
Group ID:
<4, 2>
Picard rank = 5
================================
Subgroup No.19/65
Permutation group acting on a set of cardinality 58
Order = 4 = 2^2
    (1, 6)(2, 5)(3, 4)(10, 28)(11, 16)(12, 21)(13, 14)(15, 18)(17, 22)(19, 
        20)(30, 35)(31, 34)(32, 33)(39, 57)(40, 45)(41, 50)(42, 43)(44, 47)(46, 
        51)(48, 49)
    (7, 29)(8, 9)(11, 18)(12, 17)(13, 19)(14, 20)(15, 16)(21, 22)(23, 24)(25, 
        27)(36, 58)(37, 38)(40, 47)(41, 46)(42, 48)(43, 49)(44, 45)(50, 51)(52, 
        53)(54, 56)
Group ID:
<4, 2>
Picard rank = 4
================================
Subgroup No.20/65
Permutation group acting on a set of cardinality 58
Order = 4 = 2^2
    (8, 9)(11, 17)(12, 18)(13, 19)(14, 20)(15, 21)(16, 22)(37, 38)(40, 46)(41, 
        47)(42, 48)(43, 49)(44, 50)(45, 51)
    (1, 3)(4, 6)(7, 25)(13, 14)(19, 20)(27, 29)(30, 32)(33, 35)(36, 54)(42, 
        43)(48, 49)(56, 58)
Group ID:
<4, 2>
Picard rank = 6
================================
Subgroup No.21/65
Permutation group acting on a set of cardinality 58
Order = 4 = 2^2
    (4, 6)(7, 14)(8, 24)(9, 23)(12, 17)(13, 25)(19, 27)(20, 29)(21, 22)(33, 
        35)(36, 43)(37, 53)(38, 52)(41, 46)(42, 54)(48, 56)(49, 58)(50, 51)
    (7, 29)(8, 9)(11, 18)(12, 17)(13, 19)(14, 20)(15, 16)(21, 22)(23, 24)(25, 
        27)(36, 58)(37, 38)(40, 47)(41, 46)(42, 48)(43, 49)(44, 45)(50, 51)(52, 
        53)(54, 56)
Group ID:
<4, 2>
Picard rank = 6
================================
Subgroup No.22/65
Permutation group acting on a set of cardinality 58
Order = 4 = 2^2
    (4, 6)(7, 14)(8, 24)(9, 23)(12, 17)(13, 25)(19, 27)(20, 29)(21, 22)(33, 
        35)(36, 43)(37, 53)(38, 52)(41, 46)(42, 54)(48, 56)(49, 58)(50, 51)
    (1, 3)(4, 6)(7, 27)(8, 9)(11, 18)(12, 17)(13, 20)(14, 19)(15, 16)(21, 
        22)(23, 24)(25, 29)(30, 32)(33, 35)(36, 56)(37, 38)(40, 47)(41, 46)(42, 
        49)(43, 48)(44, 45)(50, 51)(52, 53)(54, 58)
Group ID:
<4, 2>
Picard rank = 5
================================
Subgroup No.23/65
Permutation group acting on a set of cardinality 58
Order = 4 = 2^2
    (4, 6)(7, 14)(8, 24)(9, 23)(12, 17)(13, 25)(19, 27)(20, 29)(21, 22)(33, 
        35)(36, 43)(37, 53)(38, 52)(41, 46)(42, 54)(48, 56)(49, 58)(50, 51)
    (1, 3)(4, 6)(7, 25)(13, 14)(19, 20)(27, 29)(30, 32)(33, 35)(36, 54)(42, 
        43)(48, 49)(56, 58)
Group ID:
<4, 2>
Picard rank = 6
================================
Subgroup No.24/65
Permutation group acting on a set of cardinality 58
Order = 4 = 2^2
    (1, 6, 3, 4)(2, 5)(7, 13, 25, 14)(8, 24)(9, 23)(10, 28)(11, 16)(12, 22)(15, 
        18)(17, 21)(19, 27, 20, 29)(30, 35, 32, 33)(31, 34)(36, 42, 54, 43)(37, 
        53)(38, 52)(39, 57)(40, 45)(41, 51)(44, 47)(46, 50)(48, 56, 49, 58)
    (1, 3)(4, 6)(7, 25)(13, 14)(19, 20)(27, 29)(30, 32)(33, 35)(36, 54)(42, 
        43)(48, 49)(56, 58)
Group ID:
<4, 1>
Picard rank = 4
================================
Subgroup No.25/65
Permutation group acting on a set of cardinality 58
Order = 4 = 2^2
    (1, 6)(2, 5)(3, 4)(8, 9)(10, 28)(11, 22)(12, 15)(13, 20)(14, 19)(16, 17)(18,
        21)(30, 35)(31, 34)(32, 33)(37, 38)(39, 57)(40, 51)(41, 44)(42, 49)(43, 
        48)(45, 46)(47, 50)
    (7, 29)(8, 9)(11, 18)(12, 17)(13, 19)(14, 20)(15, 16)(21, 22)(23, 24)(25, 
        27)(36, 58)(37, 38)(40, 47)(41, 46)(42, 48)(43, 49)(44, 45)(50, 51)(52, 
        53)(54, 56)
Group ID:
<4, 2>
Picard rank = 4
================================
Subgroup No.26/65
Permutation group acting on a set of cardinality 58
Order = 4 = 2^2
    (4, 6)(7, 14, 29, 20)(8, 23, 9, 24)(11, 12, 18, 17)(13, 27, 19, 25)(15, 22, 
        16, 21)(33, 35)(36, 43, 58, 49)(37, 52, 38, 53)(40, 41, 47, 46)(42, 56, 
        48, 54)(44, 51, 45, 50)
    (7, 29)(8, 9)(11, 18)(12, 17)(13, 19)(14, 20)(15, 16)(21, 22)(23, 24)(25, 
        27)(36, 58)(37, 38)(40, 47)(41, 46)(42, 48)(43, 49)(44, 45)(50, 51)(52, 
        53)(54, 56)
Group ID:
<4, 1>
Picard rank = 6
================================
Subgroup No.27/65
Permutation group acting on a set of cardinality 58
Order = 4 = 2^2
    (8, 9)(11, 17)(12, 18)(13, 19)(14, 20)(15, 21)(16, 22)(37, 38)(40, 46)(41, 
        47)(42, 48)(43, 49)(44, 50)(45, 51)
    (1, 3)(4, 6)(7, 27)(8, 9)(11, 18)(12, 17)(13, 20)(14, 19)(15, 16)(21, 
        22)(23, 24)(25, 29)(30, 32)(33, 35)(36, 56)(37, 38)(40, 47)(41, 46)(42, 
        49)(43, 48)(44, 45)(50, 51)(52, 53)(54, 58)
Group ID:
<4, 2>
Picard rank = 5
================================
Subgroup No.28/65
Permutation group acting on a set of cardinality 58
Order = 4 = 2^2
    (1, 6)(2, 5)(3, 4)(10, 28)(11, 16)(12, 21)(13, 14)(15, 18)(17, 22)(19, 
        20)(30, 35)(31, 34)(32, 33)(39, 57)(40, 45)(41, 50)(42, 43)(44, 47)(46, 
        51)(48, 49)
    (1, 3)(4, 6)(7, 27)(8, 9)(11, 18)(12, 17)(13, 20)(14, 19)(15, 16)(21, 
        22)(23, 24)(25, 29)(30, 32)(33, 35)(36, 56)(37, 38)(40, 47)(41, 46)(42, 
        49)(43, 48)(44, 45)(50, 51)(52, 53)(54, 58)
Group ID:
<4, 2>
Picard rank = 3
================================
Subgroup No.29/65
Permutation group acting on a set of cardinality 58
Order = 4 = 2^2
    (1, 6)(2, 5)(3, 4)(8, 9)(10, 28)(11, 22)(12, 15)(13, 20)(14, 19)(16, 17)(18,
        21)(30, 35)(31, 34)(32, 33)(37, 38)(39, 57)(40, 51)(41, 44)(42, 49)(43, 
        48)(45, 46)(47, 50)
    (1, 3)(4, 6)(7, 25)(13, 14)(19, 20)(27, 29)(30, 32)(33, 35)(36, 54)(42, 
        43)(48, 49)(56, 58)
Group ID:
<4, 2>
Picard rank = 4
================================
Subgroup No.30/65
Permutation group acting on a set of cardinality 58
Order = 4 = 2^2
    (1, 6, 3, 4)(2, 5)(7, 13, 27, 20)(8, 23, 9, 24)(10, 28)(11, 21, 18, 22)(12, 
        15, 17, 16)(14, 29, 19, 25)(30, 35, 32, 33)(31, 34)(36, 42, 56, 49)(37, 
        52, 38, 53)(39, 57)(40, 50, 47, 51)(41, 44, 46, 45)(43, 58, 48, 54)
    (1, 3)(4, 6)(7, 27)(8, 9)(11, 18)(12, 17)(13, 20)(14, 19)(15, 16)(21, 
        22)(23, 24)(25, 29)(30, 32)(33, 35)(36, 56)(37, 38)(40, 47)(41, 46)(42, 
        49)(43, 48)(44, 45)(50, 51)(52, 53)(54, 58)
Group ID:
<4, 1>
Picard rank = 3
================================
Subgroup No.31/65
Permutation group acting on a set of cardinality 58
Order = 4 = 2^2
    (8, 9)(11, 17)(12, 18)(13, 19)(14, 20)(15, 21)(16, 22)(37, 38)(40, 46)(41, 
        47)(42, 48)(43, 49)(44, 50)(45, 51)
    (1, 6)(2, 5)(3, 4)(10, 28)(11, 16)(12, 21)(13, 14)(15, 18)(17, 22)(19, 
        20)(30, 35)(31, 34)(32, 33)(39, 57)(40, 45)(41, 50)(42, 43)(44, 47)(46, 
        51)(48, 49)
Group ID:
<4, 2>
Picard rank = 5
================================
Subgroup No.32/65
Permutation group acting on a set of cardinality 58
Order = 4 = 2^2
    (7, 29)(11, 12)(15, 22)(16, 21)(17, 18)(23, 24)(25, 27)(36, 58)(40, 41)(44, 
        51)(45, 50)(46, 47)(52, 53)(54, 56)
    (1, 6)(2, 5)(3, 4)(10, 28)(11, 16)(12, 21)(13, 14)(15, 18)(17, 22)(19, 
        20)(30, 35)(31, 34)(32, 33)(39, 57)(40, 45)(41, 50)(42, 43)(44, 47)(46, 
        51)(48, 49)
Group ID:
<4, 2>
Picard rank = 5
================================
Subgroup No.33/65
Permutation group acting on a set of cardinality 58
Order = 4 = 2^2
    (1, 3)(4, 6)(7, 25)(8, 9)(11, 17)(12, 18)(13, 20)(14, 19)(15, 21)(16, 
        22)(27, 29)(30, 32)(33, 35)(36, 54)(37, 38)(40, 46)(41, 47)(42, 49)(43, 
        48)(44, 50)(45, 51)(56, 58)
    (1, 6)(2, 5)(3, 4)(10, 28)(11, 16)(12, 21)(13, 14)(15, 18)(17, 22)(19, 
        20)(30, 35)(31, 34)(32, 33)(39, 57)(40, 45)(41, 50)(42, 43)(44, 47)(46, 
        51)(48, 49)
Group ID:
<4, 2>
Picard rank = 4
================================
Subgroup No.34/65
Permutation group acting on a set of cardinality 58
Order = 4 = 2^2
    (1, 3)(4, 6)(7, 27)(11, 12)(13, 14)(15, 22)(16, 21)(17, 18)(19, 20)(23, 
        24)(25, 29)(30, 32)(33, 35)(36, 56)(40, 41)(42, 43)(44, 51)(45, 50)(46, 
        47)(48, 49)(52, 53)(54, 58)
    (1, 6)(2, 5)(3, 4)(10, 28)(11, 16)(12, 21)(13, 14)(15, 18)(17, 22)(19, 
        20)(30, 35)(31, 34)(32, 33)(39, 57)(40, 45)(41, 50)(42, 43)(44, 47)(46, 
        51)(48, 49)
Group ID:
<4, 2>
Picard rank = 4
================================
Subgroup No.35/65
Permutation group acting on a set of cardinality 58
Order = 4 = 2^2
    (8, 9)(11, 17)(12, 18)(13, 19)(14, 20)(15, 21)(16, 22)(37, 38)(40, 46)(41, 
        47)(42, 48)(43, 49)(44, 50)(45, 51)
    (1, 6)(2, 5)(3, 4)(7, 29)(8, 9)(10, 28)(11, 15)(12, 22)(13, 20)(14, 19)(16, 
        18)(17, 21)(23, 24)(25, 27)(30, 35)(31, 34)(32, 33)(36, 58)(37, 38)(39, 
        57)(40, 44)(41, 51)(42, 49)(43, 48)(45, 47)(46, 50)(52, 53)(54, 56)
Group ID:
<4, 2>
Picard rank = 4
================================
Subgroup No.36/65
Permutation group acting on a set of cardinality 58
Order = 4 = 2^2
    (7, 29)(11, 12)(15, 22)(16, 21)(17, 18)(23, 24)(25, 27)(36, 58)(40, 41)(44, 
        51)(45, 50)(46, 47)(52, 53)(54, 56)
    (1, 6)(2, 5)(3, 4)(7, 29)(8, 9)(10, 28)(11, 15)(12, 22)(13, 20)(14, 19)(16, 
        18)(17, 21)(23, 24)(25, 27)(30, 35)(31, 34)(32, 33)(36, 58)(37, 38)(39, 
        57)(40, 44)(41, 51)(42, 49)(43, 48)(45, 47)(46, 50)(52, 53)(54, 56)
Group ID:
<4, 2>
Picard rank = 4
================================
Subgroup No.37/65
Permutation group acting on a set of cardinality 58
Order = 4 = 2^2
    (1, 3)(4, 6)(7, 25)(8, 9)(11, 17)(12, 18)(13, 20)(14, 19)(15, 21)(16, 
        22)(27, 29)(30, 32)(33, 35)(36, 54)(37, 38)(40, 46)(41, 47)(42, 49)(43, 
        48)(44, 50)(45, 51)(56, 58)
    (1, 6)(2, 5)(3, 4)(7, 29)(8, 9)(10, 28)(11, 15)(12, 22)(13, 20)(14, 19)(16, 
        18)(17, 21)(23, 24)(25, 27)(30, 35)(31, 34)(32, 33)(36, 58)(37, 38)(39, 
        57)(40, 44)(41, 51)(42, 49)(43, 48)(45, 47)(46, 50)(52, 53)(54, 56)
Group ID:
<4, 2>
Picard rank = 3
================================
Subgroup No.38/65
Permutation group acting on a set of cardinality 58
Order = 4 = 2^2
    (1, 3)(4, 6)(7, 27)(11, 12)(13, 14)(15, 22)(16, 21)(17, 18)(19, 20)(23, 
        24)(25, 29)(30, 32)(33, 35)(36, 56)(40, 41)(42, 43)(44, 51)(45, 50)(46, 
        47)(48, 49)(52, 53)(54, 58)
    (1, 6)(2, 5)(3, 4)(7, 29)(8, 9)(10, 28)(11, 15)(12, 22)(13, 20)(14, 19)(16, 
        18)(17, 21)(23, 24)(25, 27)(30, 35)(31, 34)(32, 33)(36, 58)(37, 38)(39, 
        57)(40, 44)(41, 51)(42, 49)(43, 48)(45, 47)(46, 50)(52, 53)(54, 56)
Group ID:
<4, 2>
Picard rank = 3
================================
Subgroup No.39/65
Permutation group acting on a set of cardinality 58
Order = 8 = 2^3
    (1, 6)(2, 5)(3, 4)(10, 28)(11, 16)(12, 21)(13, 14)(15, 18)(17, 22)(19, 
        20)(30, 35)(31, 34)(32, 33)(39, 57)(40, 45)(41, 50)(42, 43)(44, 47)(46, 
        51)(48, 49)
    (7, 29)(8, 9)(11, 18)(12, 17)(13, 19)(14, 20)(15, 16)(21, 22)(23, 24)(25, 
        27)(36, 58)(37, 38)(40, 47)(41, 46)(42, 48)(43, 49)(44, 45)(50, 51)(52, 
        53)(54, 56)
    (1, 3)(4, 6)(7, 25)(13, 14)(19, 20)(27, 29)(30, 32)(33, 35)(36, 54)(42, 
        43)(48, 49)(56, 58)
Group ID:
<8, 5>
Picard rank = 3
================================
Subgroup No.40/65
Permutation group acting on a set of cardinality 58
Order = 8 = 2^3
    (1, 6)(2, 5)(3, 4)(8, 9)(10, 28)(11, 22)(12, 15)(13, 20)(14, 19)(16, 17)(18,
        21)(30, 35)(31, 34)(32, 33)(37, 38)(39, 57)(40, 51)(41, 44)(42, 49)(43, 
        48)(45, 46)(47, 50)
    (7, 29)(8, 9)(11, 18)(12, 17)(13, 19)(14, 20)(15, 16)(21, 22)(23, 24)(25, 
        27)(36, 58)(37, 38)(40, 47)(41, 46)(42, 48)(43, 49)(44, 45)(50, 51)(52, 
        53)(54, 56)
    (1, 3)(4, 6)(7, 25)(13, 14)(19, 20)(27, 29)(30, 32)(33, 35)(36, 54)(42, 
        43)(48, 49)(56, 58)
Group ID:
<8, 5>
Picard rank = 3
================================
Subgroup No.41/65
Permutation group acting on a set of cardinality 58
Order = 8 = 2^3
    (8, 9)(11, 17)(12, 18)(13, 19)(14, 20)(15, 21)(16, 22)(37, 38)(40, 46)(41, 
        47)(42, 48)(43, 49)(44, 50)(45, 51)
    (7, 29)(8, 9)(11, 18)(12, 17)(13, 19)(14, 20)(15, 16)(21, 22)(23, 24)(25, 
        27)(36, 58)(37, 38)(40, 47)(41, 46)(42, 48)(43, 49)(44, 45)(50, 51)(52, 
        53)(54, 56)
    (1, 3)(4, 6)(7, 25)(13, 14)(19, 20)(27, 29)(30, 32)(33, 35)(36, 54)(42, 
        43)(48, 49)(56, 58)
Group ID:
<8, 5>
Picard rank = 5
================================
Subgroup No.42/65
Permutation group acting on a set of cardinality 58
Order = 8 = 2^3
    (1, 6, 3, 4)(2, 5)(7, 13, 27, 20)(8, 23, 9, 24)(10, 28)(11, 21, 18, 22)(12, 
        15, 17, 16)(14, 29, 19, 25)(30, 35, 32, 33)(31, 34)(36, 42, 56, 49)(37, 
        52, 38, 53)(39, 57)(40, 50, 47, 51)(41, 44, 46, 45)(43, 58, 48, 54)
    (7, 29)(8, 9)(11, 18)(12, 17)(13, 19)(14, 20)(15, 16)(21, 22)(23, 24)(25, 
        27)(36, 58)(37, 38)(40, 47)(41, 46)(42, 48)(43, 49)(44, 45)(50, 51)(52, 
        53)(54, 56)
    (1, 3)(4, 6)(7, 25)(13, 14)(19, 20)(27, 29)(30, 32)(33, 35)(36, 54)(42, 
        43)(48, 49)(56, 58)
Group ID:
<8, 2>
Picard rank = 3
================================
Subgroup No.43/65
Permutation group acting on a set of cardinality 58
Order = 8 = 2^3
    (4, 6)(7, 14)(8, 24)(9, 23)(12, 17)(13, 25)(19, 27)(20, 29)(21, 22)(33, 
        35)(36, 43)(37, 53)(38, 52)(41, 46)(42, 54)(48, 56)(49, 58)(50, 51)
    (7, 29)(8, 9)(11, 18)(12, 17)(13, 19)(14, 20)(15, 16)(21, 22)(23, 24)(25, 
        27)(36, 58)(37, 38)(40, 47)(41, 46)(42, 48)(43, 49)(44, 45)(50, 51)(52, 
        53)(54, 56)
    (1, 3)(4, 6)(7, 25)(13, 14)(19, 20)(27, 29)(30, 32)(33, 35)(36, 54)(42, 
        43)(48, 49)(56, 58)
Group ID:
<8, 5>
Picard rank = 5
================================
Subgroup No.44/65
Permutation group acting on a set of cardinality 58
Order = 8 = 2^3
    (4, 6)(7, 14, 29, 20)(8, 23, 9, 24)(11, 12, 18, 17)(13, 27, 19, 25)(15, 22, 
        16, 21)(33, 35)(36, 43, 58, 49)(37, 52, 38, 53)(40, 41, 47, 46)(42, 56, 
        48, 54)(44, 51, 45, 50)
    (7, 29)(8, 9)(11, 18)(12, 17)(13, 19)(14, 20)(15, 16)(21, 22)(23, 24)(25, 
        27)(36, 58)(37, 38)(40, 47)(41, 46)(42, 48)(43, 49)(44, 45)(50, 51)(52, 
        53)(54, 56)
    (1, 3)(4, 6)(7, 25)(13, 14)(19, 20)(27, 29)(30, 32)(33, 35)(36, 54)(42, 
        43)(48, 49)(56, 58)
Group ID:
<8, 2>
Picard rank = 5
================================
Subgroup No.45/65
Permutation group acting on a set of cardinality 58
Order = 8 = 2^3
    (1, 6, 3, 4)(2, 5)(7, 13, 25, 14)(8, 24)(9, 23)(10, 28)(11, 16)(12, 22)(15, 
        18)(17, 21)(19, 27, 20, 29)(30, 35, 32, 33)(31, 34)(36, 42, 54, 43)(37, 
        53)(38, 52)(39, 57)(40, 45)(41, 51)(44, 47)(46, 50)(48, 56, 49, 58)
    (7, 29)(8, 9)(11, 18)(12, 17)(13, 19)(14, 20)(15, 16)(21, 22)(23, 24)(25, 
        27)(36, 58)(37, 38)(40, 47)(41, 46)(42, 48)(43, 49)(44, 45)(50, 51)(52, 
        53)(54, 56)
    (1, 3)(4, 6)(7, 25)(13, 14)(19, 20)(27, 29)(30, 32)(33, 35)(36, 54)(42, 
        43)(48, 49)(56, 58)
Group ID:
<8, 2>
Picard rank = 3
================================
Subgroup No.46/65
Permutation group acting on a set of cardinality 58
Order = 8 = 2^3
    (1, 3)(4, 6)(7, 25)(8, 9)(11, 17)(12, 18)(13, 20)(14, 19)(15, 21)(16, 
        22)(27, 29)(30, 32)(33, 35)(36, 54)(37, 38)(40, 46)(41, 47)(42, 49)(43, 
        48)(44, 50)(45, 51)(56, 58)
    (4, 6)(7, 14)(8, 24)(9, 23)(12, 17)(13, 25)(19, 27)(20, 29)(21, 22)(33, 
        35)(36, 43)(37, 53)(38, 52)(41, 46)(42, 54)(48, 56)(49, 58)(50, 51)
    (7, 29)(8, 9)(11, 18)(12, 17)(13, 19)(14, 20)(15, 16)(21, 22)(23, 24)(25, 
        27)(36, 58)(37, 38)(40, 47)(41, 46)(42, 48)(43, 49)(44, 45)(50, 51)(52, 
        53)(54, 56)
Group ID:
<8, 3>
Picard rank = 5
================================
Subgroup No.47/65
Permutation group acting on a set of cardinality 58
Order = 8 = 2^3
    (1, 6)(2, 5)(3, 4)(7, 29)(10, 28)(11, 21)(12, 16)(13, 14)(15, 17)(18, 
        22)(19, 20)(23, 24)(25, 27)(30, 35)(31, 34)(32, 33)(36, 58)(39, 57)(40, 
        50)(41, 45)(42, 43)(44, 46)(47, 51)(48, 49)(52, 53)(54, 56)
    (4, 6)(7, 14)(8, 24)(9, 23)(12, 17)(13, 25)(19, 27)(20, 29)(21, 22)(33, 
        35)(36, 43)(37, 53)(38, 52)(41, 46)(42, 54)(48, 56)(49, 58)(50, 51)
    (1, 3)(4, 6)(7, 27)(8, 9)(11, 18)(12, 17)(13, 20)(14, 19)(15, 16)(21, 
        22)(23, 24)(25, 29)(30, 32)(33, 35)(36, 56)(37, 38)(40, 47)(41, 46)(42, 
        49)(43, 48)(44, 45)(50, 51)(52, 53)(54, 58)
Group ID:
<8, 3>
Picard rank = 3
================================
Subgroup No.48/65
Permutation group acting on a set of cardinality 58
Order = 8 = 2^3
    (1, 6)(2, 5)(3, 4)(8, 9)(10, 28)(11, 22)(12, 15)(13, 20)(14, 19)(16, 17)(18,
        21)(30, 35)(31, 34)(32, 33)(37, 38)(39, 57)(40, 51)(41, 44)(42, 49)(43, 
        48)(45, 46)(47, 50)
    (4, 6)(7, 14)(8, 24)(9, 23)(12, 17)(13, 25)(19, 27)(20, 29)(21, 22)(33, 
        35)(36, 43)(37, 53)(38, 52)(41, 46)(42, 54)(48, 56)(49, 58)(50, 51)
    (1, 3)(4, 6)(7, 27)(8, 9)(11, 18)(12, 17)(13, 20)(14, 19)(15, 16)(21, 
        22)(23, 24)(25, 29)(30, 32)(33, 35)(36, 56)(37, 38)(40, 47)(41, 46)(42, 
        49)(43, 48)(44, 45)(50, 51)(52, 53)(54, 58)
Group ID:
<8, 3>
Picard rank = 3
================================
Subgroup No.49/65
Permutation group acting on a set of cardinality 58
Order = 8 = 2^3
    (8, 9)(11, 17)(12, 18)(13, 19)(14, 20)(15, 21)(16, 22)(37, 38)(40, 46)(41, 
        47)(42, 48)(43, 49)(44, 50)(45, 51)
    (4, 6)(7, 14)(8, 24)(9, 23)(12, 17)(13, 25)(19, 27)(20, 29)(21, 22)(33, 
        35)(36, 43)(37, 53)(38, 52)(41, 46)(42, 54)(48, 56)(49, 58)(50, 51)
    (7, 29)(8, 9)(11, 18)(12, 17)(13, 19)(14, 20)(15, 16)(21, 22)(23, 24)(25, 
        27)(36, 58)(37, 38)(40, 47)(41, 46)(42, 48)(43, 49)(44, 45)(50, 51)(52, 
        53)(54, 56)
Group ID:
<8, 3>
Picard rank = 6
================================
Subgroup No.50/65
Permutation group acting on a set of cardinality 58
Order = 8 = 2^3
    (8, 9)(11, 17)(12, 18)(13, 19)(14, 20)(15, 21)(16, 22)(37, 38)(40, 46)(41, 
        47)(42, 48)(43, 49)(44, 50)(45, 51)
    (1, 6)(2, 5)(3, 4)(10, 28)(11, 16)(12, 21)(13, 14)(15, 18)(17, 22)(19, 
        20)(30, 35)(31, 34)(32, 33)(39, 57)(40, 45)(41, 50)(42, 43)(44, 47)(46, 
        51)(48, 49)
    (7, 29)(8, 9)(11, 18)(12, 17)(13, 19)(14, 20)(15, 16)(21, 22)(23, 24)(25, 
        27)(36, 58)(37, 38)(40, 47)(41, 46)(42, 48)(43, 49)(44, 45)(50, 51)(52, 
        53)(54, 56)
Group ID:
<8, 5>
Picard rank = 4
================================
Subgroup No.51/65
Permutation group acting on a set of cardinality 58
Order = 8 = 2^3
    (1, 3)(4, 6)(7, 25)(8, 9)(11, 17)(12, 18)(13, 20)(14, 19)(15, 21)(16, 
        22)(27, 29)(30, 32)(33, 35)(36, 54)(37, 38)(40, 46)(41, 47)(42, 49)(43, 
        48)(44, 50)(45, 51)(56, 58)
    (1, 6)(2, 5)(3, 4)(10, 28)(11, 16)(12, 21)(13, 14)(15, 18)(17, 22)(19, 
        20)(30, 35)(31, 34)(32, 33)(39, 57)(40, 45)(41, 50)(42, 43)(44, 47)(46, 
        51)(48, 49)
    (7, 29)(8, 9)(11, 18)(12, 17)(13, 19)(14, 20)(15, 16)(21, 22)(23, 24)(25, 
        27)(36, 58)(37, 38)(40, 47)(41, 46)(42, 48)(43, 49)(44, 45)(50, 51)(52, 
        53)(54, 56)
Group ID:
<8, 5>
Picard rank = 3
================================
Subgroup No.52/65
Permutation group acting on a set of cardinality 58
Order = 8 = 2^3
    (8, 9)(11, 17)(12, 18)(13, 19)(14, 20)(15, 21)(16, 22)(37, 38)(40, 46)(41, 
        47)(42, 48)(43, 49)(44, 50)(45, 51)
    (1, 6)(2, 5)(3, 4)(10, 28)(11, 16)(12, 21)(13, 14)(15, 18)(17, 22)(19, 
        20)(30, 35)(31, 34)(32, 33)(39, 57)(40, 45)(41, 50)(42, 43)(44, 47)(46, 
        51)(48, 49)
    (1, 3)(4, 6)(7, 27)(8, 9)(11, 18)(12, 17)(13, 20)(14, 19)(15, 16)(21, 
        22)(23, 24)(25, 29)(30, 32)(33, 35)(36, 56)(37, 38)(40, 47)(41, 46)(42, 
        49)(43, 48)(44, 45)(50, 51)(52, 53)(54, 58)
Group ID:
<8, 5>
Picard rank = 3
================================
Subgroup No.53/65
Permutation group acting on a set of cardinality 58
Order = 8 = 2^3
    (7, 29)(11, 12)(15, 22)(16, 21)(17, 18)(23, 24)(25, 27)(36, 58)(40, 41)(44, 
        51)(45, 50)(46, 47)(52, 53)(54, 56)
    (1, 6)(2, 5)(3, 4)(10, 28)(11, 16)(12, 21)(13, 14)(15, 18)(17, 22)(19, 
        20)(30, 35)(31, 34)(32, 33)(39, 57)(40, 45)(41, 50)(42, 43)(44, 47)(46, 
        51)(48, 49)
    (1, 3)(4, 6)(7, 27)(8, 9)(11, 18)(12, 17)(13, 20)(14, 19)(15, 16)(21, 
        22)(23, 24)(25, 29)(30, 32)(33, 35)(36, 56)(37, 38)(40, 47)(41, 46)(42, 
        49)(43, 48)(44, 45)(50, 51)(52, 53)(54, 58)
Group ID:
<8, 5>
Picard rank = 3
================================
Subgroup No.54/65
Permutation group acting on a set of cardinality 58
Order = 8 = 2^3
    (8, 9)(11, 17)(12, 18)(13, 19)(14, 20)(15, 21)(16, 22)(37, 38)(40, 46)(41, 
        47)(42, 48)(43, 49)(44, 50)(45, 51)
    (1, 6)(2, 5)(3, 4)(10, 28)(11, 16)(12, 21)(13, 14)(15, 18)(17, 22)(19, 
        20)(30, 35)(31, 34)(32, 33)(39, 57)(40, 45)(41, 50)(42, 43)(44, 47)(46, 
        51)(48, 49)
    (1, 3)(4, 6)(7, 25)(13, 14)(19, 20)(27, 29)(30, 32)(33, 35)(36, 54)(42, 
        43)(48, 49)(56, 58)
Group ID:
<8, 5>
Picard rank = 4
================================
Subgroup No.55/65
Permutation group acting on a set of cardinality 58
Order = 8 = 2^3
    (8, 9)(11, 17)(12, 18)(13, 19)(14, 20)(15, 21)(16, 22)(37, 38)(40, 46)(41, 
        47)(42, 48)(43, 49)(44, 50)(45, 51)
    (1, 6)(2, 5)(3, 4)(7, 29)(8, 9)(10, 28)(11, 15)(12, 22)(13, 20)(14, 19)(16, 
        18)(17, 21)(23, 24)(25, 27)(30, 35)(31, 34)(32, 33)(36, 58)(37, 38)(39, 
        57)(40, 44)(41, 51)(42, 49)(43, 48)(45, 47)(46, 50)(52, 53)(54, 56)
    (1, 3)(4, 6)(7, 25)(13, 14)(19, 20)(27, 29)(30, 32)(33, 35)(36, 54)(42, 
        43)(48, 49)(56, 58)
Group ID:
<8, 5>
Picard rank = 3
================================
Subgroup No.56/65
Permutation group acting on a set of cardinality 58
Order = 8 = 2^3
    (4, 6)(7, 14)(8, 24)(9, 23)(12, 17)(13, 25)(19, 27)(20, 29)(21, 22)(33, 
        35)(36, 43)(37, 53)(38, 52)(41, 46)(42, 54)(48, 56)(49, 58)(50, 51)
    (1, 6)(2, 5)(3, 4)(10, 28)(11, 16)(12, 21)(13, 14)(15, 18)(17, 22)(19, 
        20)(30, 35)(31, 34)(32, 33)(39, 57)(40, 45)(41, 50)(42, 43)(44, 47)(46, 
        51)(48, 49)
    (1, 3)(4, 6)(7, 25)(13, 14)(19, 20)(27, 29)(30, 32)(33, 35)(36, 54)(42, 
        43)(48, 49)(56, 58)
Group ID:
<8, 3>
Picard rank = 4
================================
Subgroup No.57/65
Permutation group acting on a set of cardinality 58
Order = 8 = 2^3
    (4, 6)(7, 14)(8, 24)(9, 23)(12, 17)(13, 25)(19, 27)(20, 29)(21, 22)(33, 
        35)(36, 43)(37, 53)(38, 52)(41, 46)(42, 54)(48, 56)(49, 58)(50, 51)
    (1, 6)(2, 5)(3, 4)(7, 29)(8, 9)(10, 28)(11, 15)(12, 22)(13, 20)(14, 19)(16, 
        18)(17, 21)(23, 24)(25, 27)(30, 35)(31, 34)(32, 33)(36, 58)(37, 38)(39, 
        57)(40, 44)(41, 51)(42, 49)(43, 48)(45, 47)(46, 50)(52, 53)(54, 56)
    (1, 3)(4, 6)(7, 25)(13, 14)(19, 20)(27, 29)(30, 32)(33, 35)(36, 54)(42, 
        43)(48, 49)(56, 58)
Group ID:
<8, 3>
Picard rank = 3
================================
Subgroup No.58/65
Permutation group acting on a set of cardinality 58
Order = 16 = 2^4
    (8, 9)(11, 17)(12, 18)(13, 19)(14, 20)(15, 21)(16, 22)(37, 38)(40, 46)(41, 
        47)(42, 48)(43, 49)(44, 50)(45, 51)
    (4, 6)(7, 14)(8, 24)(9, 23)(12, 17)(13, 25)(19, 27)(20, 29)(21, 22)(33, 
        35)(36, 43)(37, 53)(38, 52)(41, 46)(42, 54)(48, 56)(49, 58)(50, 51)
    (7, 29)(8, 9)(11, 18)(12, 17)(13, 19)(14, 20)(15, 16)(21, 22)(23, 24)(25, 
        27)(36, 58)(37, 38)(40, 47)(41, 46)(42, 48)(43, 49)(44, 45)(50, 51)(52, 
        53)(54, 56)
    (1, 3)(4, 6)(7, 25)(13, 14)(19, 20)(27, 29)(30, 32)(33, 35)(36, 54)(42, 
        43)(48, 49)(56, 58)
Group ID:
<16, 11>
Picard rank = 5
================================
Subgroup No.59/65
Permutation group acting on a set of cardinality 58
Order = 16 = 2^4
    (1, 6)(2, 5)(3, 4)(8, 9)(10, 28)(11, 22)(12, 15)(13, 20)(14, 19)(16, 17)(18,
        21)(30, 35)(31, 34)(32, 33)(37, 38)(39, 57)(40, 51)(41, 44)(42, 49)(43, 
        48)(45, 46)(47, 50)
    (4, 6)(7, 14)(8, 24)(9, 23)(12, 17)(13, 25)(19, 27)(20, 29)(21, 22)(33, 
        35)(36, 43)(37, 53)(38, 52)(41, 46)(42, 54)(48, 56)(49, 58)(50, 51)
    (7, 29)(8, 9)(11, 18)(12, 17)(13, 19)(14, 20)(15, 16)(21, 22)(23, 24)(25, 
        27)(36, 58)(37, 38)(40, 47)(41, 46)(42, 48)(43, 49)(44, 45)(50, 51)(52, 
        53)(54, 56)
    (1, 3)(4, 6)(7, 25)(13, 14)(19, 20)(27, 29)(30, 32)(33, 35)(36, 54)(42, 
        43)(48, 49)(56, 58)
Group ID:
<16, 11>
Picard rank = 3
================================
Subgroup No.60/65
Permutation group acting on a set of cardinality 58
Order = 16 = 2^4
    (8, 9)(11, 17)(12, 18)(13, 19)(14, 20)(15, 21)(16, 22)(37, 38)(40, 46)(41, 
        47)(42, 48)(43, 49)(44, 50)(45, 51)
    (1, 6)(2, 5)(3, 4)(10, 28)(11, 16)(12, 21)(13, 14)(15, 18)(17, 22)(19, 
        20)(30, 35)(31, 34)(32, 33)(39, 57)(40, 45)(41, 50)(42, 43)(44, 47)(46, 
        51)(48, 49)
    (7, 29)(8, 9)(11, 18)(12, 17)(13, 19)(14, 20)(15, 16)(21, 22)(23, 24)(25, 
        27)(36, 58)(37, 38)(40, 47)(41, 46)(42, 48)(43, 49)(44, 45)(50, 51)(52, 
        53)(54, 56)
    (1, 3)(4, 6)(7, 25)(13, 14)(19, 20)(27, 29)(30, 32)(33, 35)(36, 54)(42, 
        43)(48, 49)(56, 58)
Group ID:
<16, 14>
Picard rank = 3
================================
Subgroup No.61/65
Permutation group acting on a set of cardinality 58
Order = 16 = 2^4
    (4, 6)(7, 14, 29, 20)(8, 23, 9, 24)(11, 12, 18, 17)(13, 27, 19, 25)(15, 22, 
        16, 21)(33, 35)(36, 43, 58, 49)(37, 52, 38, 53)(40, 41, 47, 46)(42, 56, 
        48, 54)(44, 51, 45, 50)
    (1, 6)(2, 5)(3, 4)(10, 28)(11, 16)(12, 21)(13, 14)(15, 18)(17, 22)(19, 
        20)(30, 35)(31, 34)(32, 33)(39, 57)(40, 45)(41, 50)(42, 43)(44, 47)(46, 
        51)(48, 49)
    (7, 29)(8, 9)(11, 18)(12, 17)(13, 19)(14, 20)(15, 16)(21, 22)(23, 24)(25, 
        27)(36, 58)(37, 38)(40, 47)(41, 46)(42, 48)(43, 49)(44, 45)(50, 51)(52, 
        53)(54, 56)
    (1, 3)(4, 6)(7, 25)(13, 14)(19, 20)(27, 29)(30, 32)(33, 35)(36, 54)(42, 
        43)(48, 49)(56, 58)
Group ID:
<16, 3>
Picard rank = 3
================================
Subgroup No.62/65
Permutation group acting on a set of cardinality 58
Order = 16 = 2^4
    (8, 9)(11, 17)(12, 18)(13, 19)(14, 20)(15, 21)(16, 22)(37, 38)(40, 46)(41, 
        47)(42, 48)(43, 49)(44, 50)(45, 51)
    (1, 6, 3, 4)(2, 5)(7, 13, 25, 14)(8, 24)(9, 23)(10, 28)(11, 16)(12, 22)(15, 
        18)(17, 21)(19, 27, 20, 29)(30, 35, 32, 33)(31, 34)(36, 42, 54, 43)(37, 
        53)(38, 52)(39, 57)(40, 45)(41, 51)(44, 47)(46, 50)(48, 56, 49, 58)
    (7, 29)(8, 9)(11, 18)(12, 17)(13, 19)(14, 20)(15, 16)(21, 22)(23, 24)(25, 
        27)(36, 58)(37, 38)(40, 47)(41, 46)(42, 48)(43, 49)(44, 45)(50, 51)(52, 
        53)(54, 56)
    (1, 3)(4, 6)(7, 25)(13, 14)(19, 20)(27, 29)(30, 32)(33, 35)(36, 54)(42, 
        43)(48, 49)(56, 58)
Group ID:
<16, 3>
Picard rank = 3
================================
Subgroup No.63/65
Permutation group acting on a set of cardinality 58
Order = 16 = 2^4
    (1, 6)(2, 5)(3, 4)(8, 9)(10, 28)(11, 22)(12, 15)(13, 20)(14, 19)(16, 17)(18,
        21)(30, 35)(31, 34)(32, 33)(37, 38)(39, 57)(40, 51)(41, 44)(42, 49)(43, 
        48)(45, 46)(47, 50)
    (1, 6, 3, 4)(2, 5)(7, 13, 25, 14)(8, 24)(9, 23)(10, 28)(11, 16)(12, 22)(15, 
        18)(17, 21)(19, 27, 20, 29)(30, 35, 32, 33)(31, 34)(36, 42, 54, 43)(37, 
        53)(38, 52)(39, 57)(40, 45)(41, 51)(44, 47)(46, 50)(48, 56, 49, 58)
    (7, 29)(8, 9)(11, 18)(12, 17)(13, 19)(14, 20)(15, 16)(21, 22)(23, 24)(25, 
        27)(36, 58)(37, 38)(40, 47)(41, 46)(42, 48)(43, 49)(44, 45)(50, 51)(52, 
        53)(54, 56)
    (1, 3)(4, 6)(7, 25)(13, 14)(19, 20)(27, 29)(30, 32)(33, 35)(36, 54)(42, 
        43)(48, 49)(56, 58)
Group ID:
<16, 3>
Picard rank = 3
================================
Subgroup No.64/65
Permutation group acting on a set of cardinality 58
Order = 16 = 2^4
    (4, 6)(7, 14)(8, 24)(9, 23)(12, 17)(13, 25)(19, 27)(20, 29)(21, 22)(33, 
        35)(36, 43)(37, 53)(38, 52)(41, 46)(42, 54)(48, 56)(49, 58)(50, 51)
    (1, 6)(2, 5)(3, 4)(10, 28)(11, 16)(12, 21)(13, 14)(15, 18)(17, 22)(19, 
        20)(30, 35)(31, 34)(32, 33)(39, 57)(40, 45)(41, 50)(42, 43)(44, 47)(46, 
        51)(48, 49)
    (7, 29)(8, 9)(11, 18)(12, 17)(13, 19)(14, 20)(15, 16)(21, 22)(23, 24)(25, 
        27)(36, 58)(37, 38)(40, 47)(41, 46)(42, 48)(43, 49)(44, 45)(50, 51)(52, 
        53)(54, 56)
    (1, 3)(4, 6)(7, 25)(13, 14)(19, 20)(27, 29)(30, 32)(33, 35)(36, 54)(42, 
        43)(48, 49)(56, 58)
Group ID:
<16, 11>
Picard rank = 3
================================
Subgroup No.65/65
Permutation group acting on a set of cardinality 58
Order = 32 = 2^5
    (8, 9)(11, 17)(12, 18)(13, 19)(14, 20)(15, 21)(16, 22)(37, 38)(40, 46)(41, 
        47)(42, 48)(43, 49)(44, 50)(45, 51)
    (4, 6)(7, 14)(8, 24)(9, 23)(12, 17)(13, 25)(19, 27)(20, 29)(21, 22)(33, 
        35)(36, 43)(37, 53)(38, 52)(41, 46)(42, 54)(48, 56)(49, 58)(50, 51)
    (1, 6)(2, 5)(3, 4)(10, 28)(11, 16)(12, 21)(13, 14)(15, 18)(17, 22)(19, 
        20)(30, 35)(31, 34)(32, 33)(39, 57)(40, 45)(41, 50)(42, 43)(44, 47)(46, 
        51)(48, 49)
    (7, 29)(8, 9)(11, 18)(12, 17)(13, 19)(14, 20)(15, 16)(21, 22)(23, 24)(25, 
        27)(36, 58)(37, 38)(40, 47)(41, 46)(42, 48)(43, 49)(44, 45)(50, 51)(52, 
        53)(54, 56)
    (1, 3)(4, 6)(7, 25)(13, 14)(19, 20)(27, 29)(30, 32)(33, 35)(36, 54)(42, 
        43)(48, 49)(56, 58)
Group ID:
<32, 27>
Picard rank = 3
================================
