deg1_D4+3A1.txt
(-2)-curves:
[
    ( 1 -1 -1 -1  0  0  0  0  0),
    ( 0  0  1 -1  0  0  0  0  0),
    ( 0  0  0  1 -1  0  0  0  0),
    ( 0  0  0  0  1 -1  0  0  0),
    ( 0  0  0  0  0  0  1 -1  0),
    ( 1 -1  0  0  0  0 -1 -1  0),
    ( 2  0 -1 -1 -1 -1 -1 -1  0)
]
# of (-1)-classes = 240
# of (-1)-curves = 17
list of (-1)-curves:
[*
    (0 1 0 0 0 0 0 0 0),
    ( 2  0 -1 -1  0  0 -1 -1 -1),
    ( 2  0 -1 -1 -1  0 -1  0 -1),
    ( 2  0 -1 -1 -1 -1  0  0 -1),
    ( 3  0 -1 -1 -1 -1 -1 -1 -2),
    ( 1 -1  0  0  0  0  0  0 -1),
    ( 1  0 -1  0  0  0 -1  0  0),
    ( 4 -1 -2 -1 -1 -1 -2 -1 -2),
    ( 1  0 -1  0  0  0  0  0 -1),
    (0 0 0 0 0 1 0 0 0),
    ( 3 -1 -1 -1 -1  0 -1 -1 -2),
    ( 3 -1 -1 -1 -1 -1 -2  0 -1),
    ( 1  0  0  0  0  0 -1  0 -1),
    (0 0 0 0 0 0 0 1 0),
    ( 3 -1 -1 -1 -1 -1 -1  0 -2),
    (0 0 0 0 0 0 0 0 1),
    ( 6 -2 -2 -2 -2 -2 -2 -2 -3)
*]
The intersection matrix of negative curves:
[-2  0  1  0  0  0  0  1  0  0  0  1  0  0  0  0  0  0  0  1  0  0  0  0]
[ 0 -2  1  0  0  0  0  0  0  0  0  0  0  1  1  1  0  0  0  0  0  0  0  0]
[ 1  1 -2  1  0  0  0  0  1  0  0  0  0  0  0  0  0  0  0  0  0  0  0  0]
[ 0  0  1 -2  0  0  0  0  0  1  0  0  0  0  0  0  1  1  0  0  0  0  0  0]
[ 0  0  0  0 -2  0  0  0  0  1  0  0  0  1  1  0  0  0  2  1  1  1  0  0]
[ 0  0  0  0  0 -2  0  1  0  1  2  1  0  0  0  1  0  0  0  0  1  1  0  0]
[ 0  0  0  0  0  0 -2  0  0  0  0  0  2  0  0  1  1  1  0  1  1  1  0  0]
[ 1  0  0  0  0  1  0 -1  0  0  0  0  1  0  1  0  0  1  1  0  0  1  0  2]
[ 0  0  1  0  0  0  0  0 -1  0  1  0  1  0  0  0  0  0  1  0  1  1  1  1]
[ 0  0  0  1  1  1  0  0  0 -1  0  0  1  0  0  0  0  0  0  0  0  0  1  1]
[ 0  0  0  0  0  2  0  0  1  0 -1  0  1  1  1  0  1  1  1  1  0  0  1  1]
[ 1  0  0  0  0  1  0  0  0  0  0 -1  1  1  0  0  1  0  1  0  1  0  2  0]
[ 0  0  0  0  0  0  2  1  1  1  1  1 -1  1  1  0  0  0  1  0  0  0  1  1]
[ 0  1  0  0  1  0  0  0  0  0  1  1  1 -1  0  0  0  1  0  0  0  1  0  2]
[ 0  1  0  0  1  0  0  1  0  0  1  0  1  0 -1  0  1  0  0  0  1  0  2  0]
[ 0  1  0  0  0  1  1  0  0  0  0  0  0  0  0 -1  0  0  1  0  0  0  1  1]
[ 0  0  0  1  0  0  1  0  0  0  1  1  0  0  1  0 -1  0  1  0  0  1  0  2]
[ 0  0  0  1  0  0  1  1  0  0  1  0  0  1  0  0  0 -1  1  0  1  0  2  0]
[ 0  0  0  0  2  0  0  1  1  0  1  1  1  0  0  1  1  1 -1  0  0  0  1  1]
[ 1  0  0  0  1  0  1  0  0  0  1  0  0  0  0  0  0  0  0 -1  0  0  1  1]
[ 0  0  0  0  1  1  1  0  1  0  0  1  0  0  1  0  0  1  0  0 -1  0  0  2]
[ 0  0  0  0  1  1  1  1  1  0  0  0  0  1  0  0  1  0  0  0  0 -1  2  0]
[ 0  0  0  0  0  0  0  0  1  1  1  2  1  0  2  1  0  2  1  1  0  2 -1  3]
[ 0  0  0  0  0  0  0  2  1  1  1  0  1  2  0  1  2  0  1  1  2  0  3 -1]
The automorphism group of dual graph:
Permutation group AutoGroup acting on a set of cardinality 48
Order = 12 = 2^2 * 3
    (2, 4)(5, 7)(10, 16)(13, 19)(14, 17)(15, 18)(26, 28)(29, 31)(34, 40)(37, 
        43)(38, 41)(39, 42)
    (1, 2)(5, 6)(8, 14)(11, 19)(12, 15)(16, 20)(25, 26)(29, 30)(32, 38)(35, 
        43)(36, 39)(40, 44)
    (8, 12)(14, 15)(17, 18)(21, 22)(23, 24)(32, 36)(38, 39)(41, 42)(45, 46)(47, 
        48)
Group ID:
<12, 4>
================================
Subgroup No.1/10
Permutation group acting on a set of cardinality 48
Order = 1
Group ID:
<1, 1>
Picard rank = 9
================================
Subgroup No.2/10
Permutation group acting on a set of cardinality 48
Order = 2
    (8, 12)(14, 15)(17, 18)(21, 22)(23, 24)(32, 36)(38, 39)(41, 42)(45, 46)(47, 
        48)
Group ID:
<2, 1>
Picard rank = 8
================================
Subgroup No.3/10
Permutation group acting on a set of cardinality 48
Order = 2
    (2, 4)(5, 7)(8, 12)(10, 16)(13, 19)(14, 18)(15, 17)(21, 22)(23, 24)(26, 
        28)(29, 31)(32, 36)(34, 40)(37, 43)(38, 42)(39, 41)(45, 46)(47, 48)
Group ID:
<2, 1>
Picard rank = 6
================================
Subgroup No.4/10
Permutation group acting on a set of cardinality 48
Order = 2
    (2, 4)(5, 7)(10, 16)(13, 19)(14, 17)(15, 18)(26, 28)(29, 31)(34, 40)(37, 
        43)(38, 41)(39, 42)
Group ID:
<2, 1>
Picard rank = 7
================================
Subgroup No.5/10
Permutation group acting on a set of cardinality 48
Order = 3
    (1, 4, 2)(5, 6, 7)(8, 17, 14)(10, 16, 20)(11, 13, 19)(12, 18, 15)(25, 28, 
        26)(29, 30, 31)(32, 41, 38)(34, 40, 44)(35, 37, 43)(36, 42, 39)
Group ID:
<3, 1>
Picard rank = 5
================================
Subgroup No.6/10
Permutation group acting on a set of cardinality 48
Order = 4 = 2^2
    (2, 4)(5, 7)(10, 16)(13, 19)(14, 17)(15, 18)(26, 28)(29, 31)(34, 40)(37, 
        43)(38, 41)(39, 42)
    (8, 12)(14, 15)(17, 18)(21, 22)(23, 24)(32, 36)(38, 39)(41, 42)(45, 46)(47, 
        48)
Group ID:
<4, 2>
Picard rank = 6
================================
Subgroup No.7/10
Permutation group acting on a set of cardinality 48
Order = 6 = 2 * 3
    (2, 4)(5, 7)(8, 12)(10, 16)(13, 19)(14, 18)(15, 17)(21, 22)(23, 24)(26, 
        28)(29, 31)(32, 36)(34, 40)(37, 43)(38, 42)(39, 41)(45, 46)(47, 48)
    (1, 4, 2)(5, 6, 7)(8, 17, 14)(10, 16, 20)(11, 13, 19)(12, 18, 15)(25, 28, 
        26)(29, 30, 31)(32, 41, 38)(34, 40, 44)(35, 37, 43)(36, 42, 39)
Group ID:
<6, 1>
Picard rank = 4
================================
Subgroup No.8/10
Permutation group acting on a set of cardinality 48
Order = 6 = 2 * 3
    (8, 12)(14, 15)(17, 18)(21, 22)(23, 24)(32, 36)(38, 39)(41, 42)(45, 46)(47, 
        48)
    (1, 4, 2)(5, 6, 7)(8, 17, 14)(10, 16, 20)(11, 13, 19)(12, 18, 15)(25, 28, 
        26)(29, 30, 31)(32, 41, 38)(34, 40, 44)(35, 37, 43)(36, 42, 39)
Group ID:
<6, 2>
Picard rank = 4
================================
Subgroup No.9/10
Permutation group acting on a set of cardinality 48
Order = 6 = 2 * 3
    (2, 4)(5, 7)(10, 16)(13, 19)(14, 17)(15, 18)(26, 28)(29, 31)(34, 40)(37, 
        43)(38, 41)(39, 42)
    (1, 4, 2)(5, 6, 7)(8, 17, 14)(10, 16, 20)(11, 13, 19)(12, 18, 15)(25, 28, 
        26)(29, 30, 31)(32, 41, 38)(34, 40, 44)(35, 37, 43)(36, 42, 39)
Group ID:
<6, 1>
Picard rank = 5
================================
Subgroup No.10/10
Permutation group acting on a set of cardinality 48
Order = 12 = 2^2 * 3
    (2, 4)(5, 7)(10, 16)(13, 19)(14, 17)(15, 18)(26, 28)(29, 31)(34, 40)(37, 
        43)(38, 41)(39, 42)
    (8, 12)(14, 15)(17, 18)(21, 22)(23, 24)(32, 36)(38, 39)(41, 42)(45, 46)(47, 
        48)
    (1, 4, 2)(5, 6, 7)(8, 17, 14)(10, 16, 20)(11, 13, 19)(12, 18, 15)(25, 28, 
        26)(29, 30, 31)(32, 41, 38)(34, 40, 44)(35, 37, 43)(36, 42, 39)
Group ID:
<12, 4>
Picard rank = 4
================================
