deg1_D4+A3.txt
(-2)-curves:
[
    ( 1 -1 -1 -1  0  0  0  0  0),
    ( 0  0  1 -1  0  0  0  0  0),
    ( 0  0  0  1 -1  0  0  0  0),
    ( 0  0  0  0  1 -1  0  0  0),
    ( 0  0  0  0  0  0  1 -1  0),
    ( 0  0  0  0  0  0  0  1 -1),
    (-3  1  1  1  1  1  1  1  2)
]
# of (-1)-classes = 240
# of (-1)-curves = 11
list of (-1)-curves:
[*
    ( 3  0 -2 -1 -1 -1 -1 -1 -1),
    ( 2  0 -1 -1  0  0 -1 -1 -1),
    ( 5 -1 -2 -2 -2 -1 -2 -2 -2),
    ( 3  0 -1 -1 -1 -1 -2 -1 -1),
    ( 4 -2 -1 -1 -1 -1 -2 -2 -1),
    ( 5 -1 -2 -2 -2 -2 -2 -2 -1),
    ( 4 -1 -2 -1 -1 -1 -2 -2 -1),
    ( 2 -1 -1  0  0  0 -1 -1 -1),
    ( 3 -1 -1 -1 -1  0 -2 -1 -1),
    ( 6 -2 -2 -2 -2 -2 -3 -2 -2),
    ( 4 -1 -1 -1 -1 -1 -2 -2 -2)
*]
The intersection matrix of negative curves:
[-2  0  1  0  0  0  0  0  0  0  1  0  0  0  0  0  0  1]
[ 0 -2  1  0  0  0  0  1  0  0  0  0  0  1  1  0  0  0]
[ 1  1 -2  1  0  0  0  0  1  0  0  0  0  0  0  0  0  0]
[ 0  0  1 -2  0  0  0  0  0  1  0  0  0  0  0  1  0  0]
[ 0  0  0  0 -2  1  0  0  0  0  1  0  0  0  0  1  1  0]
[ 0  0  0  0  1 -2  1  0  0  0  0  1  1  1  0  0  0  0]
[ 0  0  0  0  0  1 -2  0  0  1  0  0  0  0  0  0  1  1]
[ 0  1  0  0  0  0  0 -1  0  0  0  2  0  0  1  1  1  1]
[ 0  0  1  0  0  0  0  0 -1  0  0  1  1  0  0  0  1  0]
[ 0  0  0  1  0  0  1  0  0 -1  0  1  0  0  1  0  0  0]
[ 1  0  0  0  1  0  0  0  0  0 -1  1  0  0  1  0  0  0]
[ 0  0  0  0  0  1  0  2  1  1  1 -1  1  0  0  0  0  0]
[ 0  0  0  0  0  1  0  0  1  0  0  1 -1  0  2  1  0  1]
[ 0  1  0  0  0  1  0  0  0  0  0  0  0 -1  0  0  0  0]
[ 0  1  0  0  0  0  0  1  0  1  1  0  2  0 -1  0  1  0]
[ 0  0  0  1  1  0  0  1  0  0  0  0  1  0  0 -1  0  0]
[ 0  0  0  0  1  0  1  1  1  0  0  0  0  0  1  0 -1  0]
[ 1  0  0  0  0  0  1  1  0  0  0  0  1  0  0  0  0 -1]
The automorphism group of dual graph:
Permutation group AutoGroup acting on a set of cardinality 36
Order = 4 = 2^2
    (1, 4)(5, 7)(10, 11)(16, 18)(19, 22)(23, 25)(28, 29)(34, 36)
    (1, 4)(8, 15)(10, 18)(11, 16)(12, 13)(19, 22)(26, 33)(28, 36)(29, 34)(30, 
        31)
Group ID:
<4, 2>
================================
Subgroup No.1/5
Permutation group acting on a set of cardinality 36
Order = 1
Group ID:
<1, 1>
Picard rank = 9
================================
Subgroup No.2/5
Permutation group acting on a set of cardinality 36
Order = 2
    (1, 4)(5, 7)(10, 11)(16, 18)(19, 22)(23, 25)(28, 29)(34, 36)
Group ID:
<2, 1>
Picard rank = 7
================================
Subgroup No.3/5
Permutation group acting on a set of cardinality 36
Order = 2
    (5, 7)(8, 15)(10, 16)(11, 18)(12, 13)(23, 25)(26, 33)(28, 34)(29, 36)(30, 
        31)
Group ID:
<2, 1>
Picard rank = 7
================================
Subgroup No.4/5
Permutation group acting on a set of cardinality 36
Order = 2
    (1, 4)(8, 15)(10, 18)(11, 16)(12, 13)(19, 22)(26, 33)(28, 36)(29, 34)(30, 
        31)
Group ID:
<2, 1>
Picard rank = 7
================================
Subgroup No.5/5
Permutation group acting on a set of cardinality 36
Order = 4 = 2^2
    (1, 4)(5, 7)(10, 11)(16, 18)(19, 22)(23, 25)(28, 29)(34, 36)
    (1, 4)(8, 15)(10, 18)(11, 16)(12, 13)(19, 22)(26, 33)(28, 36)(29, 34)(30, 
        31)
Group ID:
<4, 2>
Picard rank = 6
================================
