deg1_2A4.txt
(-2)-curves:
[
    ( 1 -1 -1 -1  0  0  0  0  0),
    ( 0  0  0  1 -1  0  0  0  0),
    ( 0  0  0  0  1 -1  0  0  0),
    ( 0  0  0  0  0  1 -1  0  0),
    ( 0  1 -1  0  0  0  0  0  0),
    ( 2 -1  0 -1 -1 -1 -1 -1  0),
    (-3  1  1  1  1  1  1  2  1),
    ( 3 -1 -1 -1 -1 -1 -1 -1 -2)
]
# of (-1)-classes = 240
# of (-1)-curves = 6
list of (-1)-curves:
[*
    ( 2  0  0 -1 -1 -1  0 -1 -1),
    ( 1 -1  0  0  0  0  0 -1  0),
    ( 2 -1  0 -1 -1  0  0 -1 -1),
    ( 1  0  0 -1  0  0  0 -1  0),
    ( 3 -1 -1 -1 -1 -1  0 -2 -1),
    ( 1  0  0  0  0  0  0 -1 -1)
*]
The intersection matrix of negative curves:
[-2  1  0  0  0  0  0  0  1  0  0  0  0  1]
[ 1 -2  1  0  0  0  0  0  0  0  0  1  0  0]
[ 0  1 -2  1  0  0  0  0  0  0  1  0  0  0]
[ 0  0  1 -2  0  0  0  0  1  0  0  0  1  0]
[ 0  0  0  0 -2  1  0  0  0  1  1  0  0  0]
[ 0  0  0  0  1 -2  1  0  0  0  0  0  0  1]
[ 0  0  0  0  0  1 -2  1  0  0  0  0  1  0]
[ 0  0  0  0  0  0  1 -2  0  1  0  1  0  0]
[ 1  0  0  1  0  0  0  0 -1  1  0  0  0  0]
[ 0  0  0  0  1  0  0  1  1 -1  0  0  0  0]
[ 0  0  1  0  1  0  0  0  0  0 -1  0  0  0]
[ 0  1  0  0  0  0  0  1  0  0  0 -1  0  0]
[ 0  0  0  1  0  0  1  0  0  0  0  0 -1  0]
[ 1  0  0  0  0  1  0  0  0  0  0  0  0 -1]
The automorphism group of dual graph:
Permutation group AutoGroup acting on a set of cardinality 28
Order = 4 = 2^2
    (1, 4)(2, 3)(5, 8)(6, 7)(11, 12)(13, 14)(15, 18)(16, 17)(19, 22)(20, 21)(25,
        26)(27, 28)
    (1, 8, 4, 5)(2, 7, 3, 6)(9, 10)(11, 14, 12, 13)(15, 22, 18, 19)(16, 21, 17, 
        20)(23, 24)(25, 28, 26, 27)
Group ID:
<4, 1>
================================
Subgroup No.1/3
Permutation group acting on a set of cardinality 28
Order = 1
Group ID:
<1, 1>
Picard rank = 9
================================
Subgroup No.2/3
Permutation group acting on a set of cardinality 28
Order = 2
    (1, 4)(2, 3)(5, 8)(6, 7)(11, 12)(13, 14)(15, 18)(16, 17)(19, 22)(20, 21)(25,
        26)(27, 28)
Group ID:
<2, 1>
Picard rank = 5
================================
Subgroup No.3/3
Permutation group acting on a set of cardinality 28
Order = 4 = 2^2
    (1, 8, 4, 5)(2, 7, 3, 6)(9, 10)(11, 14, 12, 13)(15, 22, 18, 19)(16, 21, 17, 
        20)(23, 24)(25, 28, 26, 27)
    (1, 4)(2, 3)(5, 8)(6, 7)(11, 12)(13, 14)(15, 18)(16, 17)(19, 22)(20, 21)(25,
        26)(27, 28)
Group ID:
<4, 1>
Picard rank = 3
================================
