deg1_2A3+A1.txt
(-2)-curves:
[
    ( 1 -1 -1 -1  0  0  0  0  0),
    ( 0  0  0  1 -1  0  0  0  0),
    ( 0  0  0  0  1 -1  0  0  0),
    ( 0  0  0  0  0  0  1 -1  0),
    ( 0  0  0  0  0  0  0  1 -1),
    (-3  1  1  1  1  1  1  1  2),
    ( 0  1 -1  0  0  0  0  0  0)
]
# of (-1)-classes = 240
# of (-1)-curves = 16
list of (-1)-curves:
[*
    ( 5 -1 -1 -2 -2 -2 -2 -2 -2),
    ( 3 -2  0 -1 -1 -1 -1 -1 -1),
    ( 2  0  0 -1 -1  0 -1 -1 -1),
    ( 4 -2 -1 -1 -1 -1 -2 -2 -1),
    ( 3 -1  0 -2 -1 -1 -1 -1 -1),
    ( 2 -1  0 -1  0  0 -1 -1 -1),
    ( 5 -2 -1 -2 -2 -1 -2 -2 -2),
    ( 3 -1  0 -1 -1 -1 -2 -1 -1),
    ( 5 -2 -1 -2 -2 -2 -2 -2 -1),
    ( 4 -1 -1 -2 -2 -2 -1 -1 -1),
    ( 2 -1 -1  0  0  0 -1 -1 -1),
    ( 4 -1 -1 -2 -2 -1 -2 -1 -1),
    ( 4 -1 -1 -2 -1 -1 -2 -2 -1),
    ( 3 -1 -1 -1 -1  0 -2 -1 -1),
    ( 6 -2 -2 -2 -2 -2 -3 -2 -2),
    ( 4 -1 -1 -1 -1 -1 -2 -2 -2)
*]
The intersection matrix of negative curves:
[-2  1  0  0  0  0  0  1  0  1  0  0  0  0  1  0  0  0  0  0  0  0  1]
[ 1 -2  1  0  0  0  0  0  0  0  0  1  1  0  0  0  0  0  0  1  0  0  0]
[ 0  1 -2  0  0  0  0  0  0  1  0  0  0  1  0  0  0  0  1  0  1  0  0]
[ 0  0  0 -2  1  0  0  0  0  0  0  0  0  0  1  0  0  0  1  0  1  1  0]
[ 0  0  0  1 -2  1  0  0  0  0  1  0  0  0  0  1  0  0  0  1  0  0  0]
[ 0  0  0  0  1 -2  0  1  0  0  0  0  0  1  0  0  0  0  0  0  0  1  1]
[ 0  0  0  0  0  0 -2  0  2  0  1  1  1  1  1  1  0  0  0  0  0  0  0]
[ 1  0  0  0  0  1  0 -1  1  0  1  0  1  0  0  0  0  2  0  0  1  0  0]
[ 0  0  0  0  0  0  2  1 -1  1  0  0  0  0  0  0  1  1  1  1  1  1  1]
[ 1  0  1  0  0  0  0  0  1 -1  1  0  0  0  0  1  1  1  0  0  0  1  0]
[ 0  0  0  0  1  0  1  1  0  1 -1  1  0  0  0  0  2  0  1  0  0  0  0]
[ 0  1  0  0  0  0  1  0  0  0  1 -1  0  0  0  0  0  2  0  0  1  1  1]
[ 0  1  0  0  0  0  1  1  0  0  0  0 -1  0  0  1  2  0  1  0  0  1  0]
[ 0  0  1  0  0  1  1  0  0  0  0  0  0 -1  0  0  1  1  0  0  0  0  0]
[ 1  0  0  1  0  0  1  0  0  0  0  0  0  0 -1  0  1  1  0  0  0  0  0]
[ 0  0  0  0  1  0  1  0  0  1  0  0  1  0  0 -1  0  2  0  0  1  0  1]
[ 0  0  0  0  0  0  0  0  1  1  2  0  2  1  1  0 -1  3  0  1  2  1  2]
[ 0  0  0  0  0  0  0  2  1  1  0  2  0  1  1  2  3 -1  2  1  0  1  0]
[ 0  0  1  1  0  0  0  0  1  0  1  0  1  0  0  0  0  2 -1  0  0  0  1]
[ 0  1  0  0  1  0  0  0  1  0  0  0  0  0  0  0  1  1  0 -1  0  0  0]
[ 0  0  1  1  0  0  0  1  1  0  0  1  0  0  0  1  2  0  0  0 -1  0  0]
[ 0  0  0  1  0  1  0  0  1  1  0  1  1  0  0  0  1  1  0  0  0 -1  0]
[ 1  0  0  0  0  1  0  0  1  0  0  1  0  0  0  1  2  0  1  0  0  0 -1]
The automorphism group of dual graph:
Permutation group AutoGroup acting on a set of cardinality 46
Order = 8 = 2^3
    (8, 23)(11, 16)(12, 13)(17, 18)(19, 21)(31, 46)(34, 39)(35, 36)(40, 41)(42, 
        44)
    (1, 3)(4, 6)(8, 19)(14, 15)(21, 23)(24, 26)(27, 29)(31, 42)(37, 38)(44, 46)
    (1, 4)(2, 5)(3, 6)(8, 19)(10, 22)(11, 13)(12, 16)(21, 23)(24, 27)(25, 
        28)(26, 29)(31, 42)(33, 45)(34, 36)(35, 39)(44, 46)
Group ID:
<8, 5>
================================
Subgroup No.1/16
Permutation group acting on a set of cardinality 46
Order = 1
Group ID:
<1, 1>
Picard rank = 9
================================
Subgroup No.2/16
Permutation group acting on a set of cardinality 46
Order = 2
    (1, 4)(2, 5)(3, 6)(8, 19)(10, 22)(11, 13)(12, 16)(21, 23)(24, 27)(25, 
        28)(26, 29)(31, 42)(33, 45)(34, 36)(35, 39)(44, 46)
Group ID:
<2, 1>
Picard rank = 6
================================
Subgroup No.3/16
Permutation group acting on a set of cardinality 46
Order = 2
    (1, 3)(4, 6)(8, 21)(11, 16)(12, 13)(14, 15)(17, 18)(19, 23)(24, 26)(27, 
        29)(31, 44)(34, 39)(35, 36)(37, 38)(40, 41)(42, 46)
Group ID:
<2, 1>
Picard rank = 6
================================
Subgroup No.4/16
Permutation group acting on a set of cardinality 46
Order = 2
    (1, 4)(2, 5)(3, 6)(8, 21)(10, 22)(11, 12)(13, 16)(17, 18)(19, 23)(24, 
        27)(25, 28)(26, 29)(31, 44)(33, 45)(34, 35)(36, 39)(40, 41)(42, 46)
Group ID:
<2, 1>
Picard rank = 5
================================
Subgroup No.5/16
Permutation group acting on a set of cardinality 46
Order = 2
    (1, 6)(2, 5)(3, 4)(8, 23)(10, 22)(11, 12)(13, 16)(14, 15)(17, 18)(19, 
        21)(24, 29)(25, 28)(26, 27)(31, 46)(33, 45)(34, 35)(36, 39)(37, 38)(40, 
        41)(42, 44)
Group ID:
<2, 1>
Picard rank = 5
================================
Subgroup No.6/16
Permutation group acting on a set of cardinality 46
Order = 2
    (1, 3)(4, 6)(8, 19)(14, 15)(21, 23)(24, 26)(27, 29)(31, 42)(37, 38)(44, 46)
Group ID:
<2, 1>
Picard rank = 7
================================
Subgroup No.7/16
Permutation group acting on a set of cardinality 46
Order = 2
    (1, 6)(2, 5)(3, 4)(10, 22)(11, 13)(12, 16)(14, 15)(24, 29)(25, 28)(26, 
        27)(33, 45)(34, 36)(35, 39)(37, 38)
Group ID:
<2, 1>
Picard rank = 6
================================
Subgroup No.8/16
Permutation group acting on a set of cardinality 46
Order = 2
    (8, 23)(11, 16)(12, 13)(17, 18)(19, 21)(31, 46)(34, 39)(35, 36)(40, 41)(42, 
        44)
Group ID:
<2, 1>
Picard rank = 8
================================
Subgroup No.9/16
Permutation group acting on a set of cardinality 46
Order = 4 = 2^2
    (8, 23)(11, 16)(12, 13)(17, 18)(19, 21)(31, 46)(34, 39)(35, 36)(40, 41)(42, 
        44)
    (1, 3)(4, 6)(8, 19)(14, 15)(21, 23)(24, 26)(27, 29)(31, 42)(37, 38)(44, 46)
Group ID:
<4, 2>
Picard rank = 6
================================
Subgroup No.10/16
Permutation group acting on a set of cardinality 46
Order = 4 = 2^2
    (1, 4)(2, 5)(3, 6)(8, 21)(10, 22)(11, 12)(13, 16)(17, 18)(19, 23)(24, 
        27)(25, 28)(26, 29)(31, 44)(33, 45)(34, 35)(36, 39)(40, 41)(42, 46)
    (1, 3)(4, 6)(8, 19)(14, 15)(21, 23)(24, 26)(27, 29)(31, 42)(37, 38)(44, 46)
Group ID:
<4, 2>
Picard rank = 4
================================
Subgroup No.11/16
Permutation group acting on a set of cardinality 46
Order = 4 = 2^2
    (8, 23)(11, 16)(12, 13)(17, 18)(19, 21)(31, 46)(34, 39)(35, 36)(40, 41)(42, 
        44)
    (1, 6)(2, 5)(3, 4)(10, 22)(11, 13)(12, 16)(14, 15)(24, 29)(25, 28)(26, 
        27)(33, 45)(34, 36)(35, 39)(37, 38)
Group ID:
<4, 2>
Picard rank = 5
================================
Subgroup No.12/16
Permutation group acting on a set of cardinality 46
Order = 4 = 2^2
    (1, 4)(2, 5)(3, 6)(8, 21)(10, 22)(11, 12)(13, 16)(17, 18)(19, 23)(24, 
        27)(25, 28)(26, 29)(31, 44)(33, 45)(34, 35)(36, 39)(40, 41)(42, 46)
    (1, 6)(2, 5)(3, 4)(10, 22)(11, 13)(12, 16)(14, 15)(24, 29)(25, 28)(26, 
        27)(33, 45)(34, 36)(35, 39)(37, 38)
Group ID:
<4, 2>
Picard rank = 4
================================
Subgroup No.13/16
Permutation group acting on a set of cardinality 46
Order = 4 = 2^2
    (8, 23)(11, 16)(12, 13)(17, 18)(19, 21)(31, 46)(34, 39)(35, 36)(40, 41)(42, 
        44)
    (1, 4)(2, 5)(3, 6)(8, 19)(10, 22)(11, 13)(12, 16)(21, 23)(24, 27)(25, 
        28)(26, 29)(31, 42)(33, 45)(34, 36)(35, 39)(44, 46)
Group ID:
<4, 2>
Picard rank = 5
================================
Subgroup No.14/16
Permutation group acting on a set of cardinality 46
Order = 4 = 2^2
    (1, 3)(4, 6)(8, 21)(11, 16)(12, 13)(14, 15)(17, 18)(19, 23)(24, 26)(27, 
        29)(31, 44)(34, 39)(35, 36)(37, 38)(40, 41)(42, 46)
    (1, 4)(2, 5)(3, 6)(8, 19)(10, 22)(11, 13)(12, 16)(21, 23)(24, 27)(25, 
        28)(26, 29)(31, 42)(33, 45)(34, 36)(35, 39)(44, 46)
Group ID:
<4, 2>
Picard rank = 4
================================
Subgroup No.15/16
Permutation group acting on a set of cardinality 46
Order = 4 = 2^2
    (1, 3)(4, 6)(8, 19)(14, 15)(21, 23)(24, 26)(27, 29)(31, 42)(37, 38)(44, 46)
    (1, 4)(2, 5)(3, 6)(8, 19)(10, 22)(11, 13)(12, 16)(21, 23)(24, 27)(25, 
        28)(26, 29)(31, 42)(33, 45)(34, 36)(35, 39)(44, 46)
Group ID:
<4, 2>
Picard rank = 5
================================
Subgroup No.16/16
Permutation group acting on a set of cardinality 46
Order = 8 = 2^3
    (8, 23)(11, 16)(12, 13)(17, 18)(19, 21)(31, 46)(34, 39)(35, 36)(40, 41)(42, 
        44)
    (1, 3)(4, 6)(8, 19)(14, 15)(21, 23)(24, 26)(27, 29)(31, 42)(37, 38)(44, 46)
    (1, 4)(2, 5)(3, 6)(8, 19)(10, 22)(11, 13)(12, 16)(21, 23)(24, 27)(25, 
        28)(26, 29)(31, 42)(33, 45)(34, 36)(35, 39)(44, 46)
Group ID:
<8, 5>
Picard rank = 4
================================
