deg1_3A2.txt
(-2)-curves:
[
    ( 0  1 -1  0  0  0  0  0  0),
    ( 0  0  1 -1  0  0  0  0  0),
    ( 0  0  0  0  1 -1  0  0  0),
    ( 0  0  0  0  0  1 -1  0  0),
    ( 0  0  0  0  0  0  0  1 -1),
    (-3  1  1  1  1  1  1  1  2)
]
# of (-1)-classes = 240
# of (-1)-curves = 29
list of (-1)-curves:
[*
    ( 6 -3 -2 -2 -2 -2 -2 -2 -2),
    ( 4 -2 -2 -2 -1 -1 -1 -1 -1),
    ( 2  0  0  0 -1 -1 -1 -1 -1),
    ( 4 -2 -2 -1 -2 -1 -1 -1 -1),
    ( 4 -2 -2 -1 -1 -1 -1 -2 -1),
    ( 3 -2 -1  0 -1 -1 -1 -1 -1),
    ( 4 -2 -1 -1 -2 -2 -1 -1 -1),
    ( 4 -2 -1 -1 -2 -1 -1 -2 -1),
    ( 3 -2 -1 -1 -1 -1  0 -1 -1),
    ( 4 -2 -1 -1 -1 -1 -1 -2 -2),
    ( 5 -2 -1 -1 -2 -2 -2 -2 -2),
    ( 2 -1  0  0 -1 -1  0 -1 -1),
    ( 3 -1 -1  0 -2 -1 -1 -1 -1),
    ( 2 -1 -1  0 -1  0  0 -1 -1),
    ( 5 -2 -2 -1 -2 -2 -1 -2 -2),
    ( 3 -1 -1  0 -1 -1 -1 -2 -1),
    ( 5 -2 -2 -1 -2 -2 -2 -2 -1),
    ( 6 -2 -2 -2 -3 -2 -2 -2 -2),
    ( 4 -1 -1 -1 -2 -2 -2 -1 -1),
    ( 2 -1 -1 -1  0  0  0 -1 -1),
    ( 4 -1 -1 -1 -2 -2 -1 -2 -1),
    ( 3 -1 -1 -1 -2 -1  0 -1 -1),
    ( 4 -1 -1 -1 -2 -1 -1 -2 -2),
    ( 5 -2 -2 -2 -2 -1 -1 -2 -2),
    ( 3 -1 -1 -1 -1 -1  0 -2 -1),
    ( 5 -2 -2 -2 -2 -2 -1 -2 -1),
    ( 6 -2 -2 -2 -2 -2 -2 -3 -2),
    ( 5 -2 -2 -2 -2 -2 -2 -1 -1),
    ( 1  0  0  0  0  0  0 -1 -1)
*]
The intersection matrix of negative curves:
[-2 1 0 0 0 0 1 0 0 0 0 1 1 1 1 1 1 1 0 0 0 0 0 0 0 0 0 0 0 0 0 0 0 0 0]
[1 -2 0 0 0 0 0 0 0 1 1 1 0 0 0 0 0 0 1 1 1 1 1 0 0 0 0 0 0 0 0 0 0 0 0]
[0 0 -2 1 0 0 0 0 0 1 0 0 0 1 0 0 0 0 1 1 0 0 0 1 0 0 0 1 1 1 0 0 0 0 0]
[0 0 1 -2 0 0 0 0 0 0 0 0 1 0 1 0 0 1 0 0 1 0 0 0 0 0 1 1 0 0 1 1 0 0 0]
[0 0 0 0 -2 1 0 0 0 0 1 0 0 1 0 0 0 0 0 0 0 1 1 0 0 0 1 0 0 0 1 1 1 0 0]
[0 0 0 0 1 -2 1 0 0 0 0 0 0 0 0 1 1 0 0 0 1 0 0 1 0 0 0 0 1 1 0 0 1 0 0]
[1 0 0 0 0 1 -1 0 2 0 0 0 0 0 0 0 0 1 1 1 0 1 0 0 1 1 1 1 1 0 1 0 0 0 2]
[0 0 0 0 0 0 0 -1 3 0 0 1 1 1 0 1 2 2 2 1 1 2 1 1 2 0 2 1 2 0 1 0 1 0 2]
[0 0 0 0 0 0 2 3 -1 2 2 1 1 1 2 1 0 0 0 1 1 0 1 1 0 2 0 1 0 2 1 2 1 2 0]
[0 1 1 0 0 0 0 0 2 -1 0 0 0 0 0 1 1 1 0 0 0 1 0 0 1 1 1 0 1 0 1 0 1 0 2]
[0 1 0 0 1 0 0 0 2 0 -1 0 1 0 0 0 1 1 1 0 0 0 0 1 2 0 1 1 1 0 0 0 0 1 1]
[1 1 0 0 0 0 0 1 1 0 0 -1 0 0 0 0 0 0 0 0 0 0 0 1 1 1 1 1 1 1 1 1 1 1 1]
[1 0 0 1 0 0 0 1 1 0 1 0 -1 0 0 1 0 0 0 1 0 1 0 0 0 2 0 0 1 1 1 0 1 0 2]
[1 0 1 0 1 0 0 1 1 0 0 0 0 -1 0 0 0 0 0 0 0 0 0 0 1 1 0 0 0 0 0 0 0 1 1]
[1 0 0 1 0 0 0 0 2 0 0 0 0 0 -1 0 1 0 1 0 0 1 1 1 2 0 1 0 1 0 0 0 1 1 1]
[1 0 0 0 0 1 0 1 1 1 0 0 1 0 0 -1 0 0 1 0 0 0 1 1 2 0 1 1 0 0 0 1 0 2 0]
[1 0 0 0 0 1 0 2 0 1 1 0 0 0 1 0 -1 0 0 1 0 0 0 0 0 2 0 1 0 1 1 1 0 1 1]
[1 0 0 1 0 0 1 2 0 1 1 0 0 0 0 0 0 -1 0 0 0 0 1 1 1 1 0 0 0 1 0 1 1 2 0]
[0 1 1 0 0 0 1 2 0 0 1 0 0 0 1 1 0 0 -1 0 0 0 0 0 0 2 0 0 0 1 1 1 1 1 1]
[0 1 1 0 0 0 1 1 1 0 0 0 1 0 0 0 1 0 0 -1 0 0 1 1 2 0 1 0 0 0 0 1 1 2 0]
[0 1 0 1 0 1 0 1 1 0 0 0 0 0 0 0 0 0 0 0 -1 0 0 0 1 1 0 0 0 0 0 0 0 1 1]
[0 1 0 0 1 0 1 2 0 1 0 0 1 0 1 0 0 0 0 0 0 -1 0 1 1 1 0 1 0 1 0 1 0 2 0]
[0 1 0 0 1 0 0 1 1 0 0 0 0 0 1 1 0 1 0 1 0 0 -1 0 0 2 0 1 1 1 1 0 0 0 2]
[0 0 1 0 0 1 0 1 1 0 1 1 0 0 1 1 0 1 0 1 0 1 0 -1 0 2 0 0 0 0 1 0 0 0 2]
[0 0 0 0 0 0 1 2 0 1 2 1 0 1 2 2 0 1 0 2 1 1 0 0 -1 3 0 1 1 2 2 1 1 0 2]
[0 0 0 0 0 0 1 0 2 1 0 1 2 1 0 0 2 1 2 0 1 1 2 2 3 -1 2 1 1 0 0 1 1 2 0]
[0 0 0 1 1 0 1 2 0 1 1 1 0 0 1 1 0 0 0 1 0 0 0 0 0 2 -1 0 0 1 0 0 0 1 1]
[0 0 1 1 0 0 1 1 1 0 1 1 0 0 0 1 1 0 0 0 0 1 1 0 1 1 0 -1 0 0 0 0 1 1 1]
[0 0 1 0 0 1 1 2 0 1 1 1 1 0 1 0 0 0 0 0 0 0 1 0 1 1 0 0 -1 0 0 1 0 2 0]
[0 0 1 0 0 1 0 0 2 0 0 1 1 0 0 0 1 1 1 0 0 1 1 0 2 0 1 0 0 -1 0 0 0 1 1]
[0 0 0 1 1 0 1 1 1 1 0 1 1 0 0 0 1 0 1 0 0 0 1 1 2 0 0 0 0 0 -1 0 0 2 0]
[0 0 0 1 1 0 0 0 2 0 0 1 0 0 0 1 1 1 1 1 0 1 0 0 1 1 0 0 1 0 0 -1 0 0 2]
[0 0 0 0 1 1 0 1 1 1 0 1 1 0 1 0 0 1 1 1 0 0 0 0 1 1 0 1 0 0 0 0 -1 1 1]
[0 0 0 0 0 0 0 0 2 0 1 1 0 1 1 2 1 2 1 2 1 2 0 0 0 2 1 1 2 1 2 0 1 -1 3]
[0 0 0 0 0 0 2 2 0 2 1 1 2 1 1 0 1 0 1 0 1 0 2 2 2 0 1 1 0 1 0 2 1 3 -1]
The automorphism group of dual graph:
Permutation group AutoGroup acting on a set of cardinality 70
Order = 72 = 2^3 * 3^2
    (7, 16)(8, 26)(9, 25)(10, 20)(13, 18)(22, 23)(24, 29)(31, 32)(34, 35)(42, 
        51)(43, 61)(44, 60)(45, 55)(48, 53)(57, 58)(59, 64)(66, 67)(69, 70)
    (7, 17)(8, 9)(10, 19)(11, 22)(15, 18)(25, 34)(26, 35)(27, 32)(29, 30)(42, 
        52)(43, 44)(45, 54)(46, 57)(50, 53)(60, 69)(61, 70)(62, 67)(64, 65)
    (1, 3)(2, 4)(7, 29)(8, 9)(10, 18)(11, 27)(12, 28)(13, 20)(15, 19)(16, 
        24)(17, 30)(22, 32)(23, 31)(25, 26)(34, 35)(36, 38)(37, 39)(42, 64)(43, 
        44)(45, 53)(46, 62)(47, 63)(48, 55)(50, 54)(51, 59)(52, 65)(57, 67)(58, 
        66)(60, 61)(69, 70)
    (3, 5)(4, 6)(7, 18)(8, 9)(10, 22)(11, 19)(13, 16)(15, 17)(20, 23)(24, 
        31)(25, 26)(27, 30)(28, 33)(29, 32)(34, 35)(38, 40)(39, 41)(42, 53)(43, 
        44)(45, 57)(46, 54)(48, 51)(50, 52)(55, 58)(59, 66)(60, 61)(62, 65)(63, 
        68)(64, 67)(69, 70)
    (1, 2)(3, 4)(5, 6)(7, 22)(8, 9)(10, 18)(11, 17)(13, 20)(14, 21)(15, 19)(16, 
        23)(24, 31)(25, 26)(27, 30)(29, 32)(34, 35)(36, 37)(38, 39)(40, 41)(42, 
        57)(43, 44)(45, 53)(46, 52)(48, 55)(49, 56)(50, 54)(51, 58)(59, 66)(60, 
        61)(62, 65)(64, 67)(69, 70)
Group ID:
<72, 46>
================================
Subgroup No.1/69
Permutation group acting on a set of cardinality 70
Order = 1
Group ID:
<1, 1>
Picard rank = 9
================================
Subgroup No.2/69
Permutation group acting on a set of cardinality 70
Order = 2
    (1, 2)(3, 4)(5, 6)(7, 22)(8, 9)(10, 18)(11, 17)(13, 20)(14, 21)(15, 19)(16, 
        23)(24, 31)(25, 26)(27, 30)(29, 32)(34, 35)(36, 37)(38, 39)(40, 41)(42, 
        57)(43, 44)(45, 53)(46, 52)(48, 55)(49, 56)(50, 54)(51, 58)(59, 66)(60, 
        61)(62, 65)(64, 67)(69, 70)
Group ID:
<2, 1>
Picard rank = 4
================================
Subgroup No.3/69
Permutation group acting on a set of cardinality 70
Order = 2
    (1, 4)(2, 3)(5, 6)(7, 32)(11, 30)(12, 28)(14, 21)(16, 31)(17, 27)(22, 
        29)(23, 24)(36, 39)(37, 38)(40, 41)(42, 67)(46, 65)(47, 63)(49, 56)(51, 
        66)(52, 62)(57, 64)(58, 59)
Group ID:
<2, 1>
Picard rank = 6
================================
Subgroup No.4/69
Permutation group acting on a set of cardinality 70
Order = 2
    (7, 16)(8, 26)(9, 25)(10, 20)(13, 18)(22, 23)(24, 29)(31, 32)(34, 35)(42, 
        51)(43, 61)(44, 60)(45, 55)(48, 53)(57, 58)(59, 64)(66, 67)(69, 70)
Group ID:
<2, 1>
Picard rank = 8
================================
Subgroup No.5/69
Permutation group acting on a set of cardinality 70
Order = 2
    (1, 2)(3, 4)(5, 6)(7, 23)(8, 25)(9, 26)(10, 13)(11, 17)(14, 21)(15, 19)(16, 
        22)(18, 20)(24, 32)(27, 30)(29, 31)(36, 37)(38, 39)(40, 41)(42, 58)(43, 
        60)(44, 61)(45, 48)(46, 52)(49, 56)(50, 54)(51, 57)(53, 55)(59, 67)(62, 
        65)(64, 66)
Group ID:
<2, 1>
Picard rank = 5
================================
Subgroup No.6/69
Permutation group acting on a set of cardinality 70
Order = 2
    (1, 3)(2, 4)(7, 29)(8, 9)(10, 18)(11, 27)(12, 28)(13, 20)(15, 19)(16, 
        24)(17, 30)(22, 32)(23, 31)(25, 26)(34, 35)(36, 38)(37, 39)(42, 64)(43, 
        44)(45, 53)(46, 62)(47, 63)(48, 55)(50, 54)(51, 59)(52, 65)(57, 67)(58, 
        66)(60, 61)(69, 70)
Group ID:
<2, 1>
Picard rank = 5
================================
Subgroup No.7/69
Permutation group acting on a set of cardinality 70
Order = 2
    (1, 4)(2, 3)(5, 6)(7, 31)(8, 26)(9, 25)(10, 20)(11, 30)(12, 28)(13, 18)(14, 
        21)(16, 32)(17, 27)(22, 24)(23, 29)(34, 35)(36, 39)(37, 38)(40, 41)(42, 
        66)(43, 61)(44, 60)(45, 55)(46, 65)(47, 63)(48, 53)(49, 56)(51, 67)(52, 
        62)(57, 59)(58, 64)(69, 70)
Group ID:
<2, 1>
Picard rank = 5
================================
Subgroup No.8/69
Permutation group acting on a set of cardinality 70
Order = 2
    (1, 3)(2, 4)(7, 24)(8, 25)(9, 26)(10, 13)(11, 27)(12, 28)(15, 19)(16, 
        29)(17, 30)(18, 20)(22, 31)(23, 32)(36, 38)(37, 39)(42, 59)(43, 60)(44, 
        61)(45, 48)(46, 62)(47, 63)(50, 54)(51, 64)(52, 65)(53, 55)(57, 66)(58, 
        67)
Group ID:
<2, 1>
Picard rank = 6
================================
Subgroup No.9/69
Permutation group acting on a set of cardinality 70
Order = 3
    (1, 3, 5)(2, 4, 6)(7, 10, 32)(11, 15, 30)(12, 28, 33)(13, 24, 23)(16, 20, 
        31)(17, 19, 27)(18, 29, 22)(36, 38, 40)(37, 39, 41)(42, 45, 67)(46, 50, 
        65)(47, 63, 68)(48, 59, 58)(51, 55, 66)(52, 54, 62)(53, 64, 57)
Group ID:
<3, 1>
Picard rank = 5
================================
Subgroup No.10/69
Permutation group acting on a set of cardinality 70
Order = 3
    (7, 17, 16)(8, 25, 35)(9, 26, 34)(10, 19, 20)(11, 23, 22)(13, 18, 15)(24, 
        29, 30)(27, 31, 32)(42, 52, 51)(43, 60, 70)(44, 61, 69)(45, 54, 55)(46, 
        58, 57)(48, 53, 50)(59, 64, 65)(62, 66, 67)
Group ID:
<3, 1>
Picard rank = 7
================================
Subgroup No.11/69
Permutation group acting on a set of cardinality 70
Order = 3
    (1, 3, 5)(2, 4, 6)(7, 19, 31)(8, 25, 35)(9, 26, 34)(10, 27, 16)(11, 13, 
        29)(12, 28, 33)(15, 24, 22)(17, 20, 32)(18, 30, 23)(36, 38, 40)(37, 39, 
        41)(42, 54, 66)(43, 60, 70)(44, 61, 69)(45, 62, 51)(46, 48, 64)(47, 63, 
        68)(50, 59, 57)(52, 55, 67)(53, 65, 58)
Group ID:
<3, 1>
Picard rank = 3
================================
Subgroup No.12/69
Permutation group acting on a set of cardinality 70
Order = 4 = 2^2
    (1, 3)(2, 4)(7, 29)(8, 9)(10, 18)(11, 27)(12, 28)(13, 20)(15, 19)(16, 
        24)(17, 30)(22, 32)(23, 31)(25, 26)(34, 35)(36, 38)(37, 39)(42, 64)(43, 
        44)(45, 53)(46, 62)(47, 63)(48, 55)(50, 54)(51, 59)(52, 65)(57, 67)(58, 
        66)(60, 61)(69, 70)
    (1, 2)(3, 4)(5, 6)(7, 22)(8, 9)(10, 18)(11, 17)(13, 20)(14, 21)(15, 19)(16, 
        23)(24, 31)(25, 26)(27, 30)(29, 32)(34, 35)(36, 37)(38, 39)(40, 41)(42, 
        57)(43, 44)(45, 53)(46, 52)(48, 55)(49, 56)(50, 54)(51, 58)(59, 66)(60, 
        61)(62, 65)(64, 67)(69, 70)
Group ID:
<4, 2>
Picard rank = 3
================================
Subgroup No.13/69
Permutation group acting on a set of cardinality 70
Order = 4 = 2^2
    (7, 16)(8, 26)(9, 25)(10, 20)(13, 18)(22, 23)(24, 29)(31, 32)(34, 35)(42, 
        51)(43, 61)(44, 60)(45, 55)(48, 53)(57, 58)(59, 64)(66, 67)(69, 70)
    (1, 2)(3, 4)(5, 6)(7, 22)(8, 9)(10, 18)(11, 17)(13, 20)(14, 21)(15, 19)(16, 
        23)(24, 31)(25, 26)(27, 30)(29, 32)(34, 35)(36, 37)(38, 39)(40, 41)(42, 
        57)(43, 44)(45, 53)(46, 52)(48, 55)(49, 56)(50, 54)(51, 58)(59, 66)(60, 
        61)(62, 65)(64, 67)(69, 70)
Group ID:
<4, 2>
Picard rank = 4
================================
Subgroup No.14/69
Permutation group acting on a set of cardinality 70
Order = 4 = 2^2
    (1, 3)(2, 4)(7, 24)(8, 25)(9, 26)(10, 13)(11, 27)(12, 28)(15, 19)(16, 
        29)(17, 30)(18, 20)(22, 31)(23, 32)(36, 38)(37, 39)(42, 59)(43, 60)(44, 
        61)(45, 48)(46, 62)(47, 63)(50, 54)(51, 64)(52, 65)(53, 55)(57, 66)(58, 
        67)
    (1, 2)(3, 4)(5, 6)(7, 22)(8, 9)(10, 18)(11, 17)(13, 20)(14, 21)(15, 19)(16, 
        23)(24, 31)(25, 26)(27, 30)(29, 32)(34, 35)(36, 37)(38, 39)(40, 41)(42, 
        57)(43, 44)(45, 53)(46, 52)(48, 55)(49, 56)(50, 54)(51, 58)(59, 66)(60, 
        61)(62, 65)(64, 67)(69, 70)
Group ID:
<4, 2>
Picard rank = 3
================================
Subgroup No.15/69
Permutation group acting on a set of cardinality 70
Order = 4 = 2^2
    (7, 16)(8, 26)(9, 25)(10, 20)(13, 18)(22, 23)(24, 29)(31, 32)(34, 35)(42, 
        51)(43, 61)(44, 60)(45, 55)(48, 53)(57, 58)(59, 64)(66, 67)(69, 70)
    (1, 4)(2, 3)(5, 6)(7, 32)(11, 30)(12, 28)(14, 21)(16, 31)(17, 27)(22, 
        29)(23, 24)(36, 39)(37, 38)(40, 41)(42, 67)(46, 65)(47, 63)(49, 56)(51, 
        66)(52, 62)(57, 64)(58, 59)
Group ID:
<4, 2>
Picard rank = 5
================================
Subgroup No.16/69
Permutation group acting on a set of cardinality 70
Order = 4 = 2^2
    (1, 2)(3, 4)(5, 6)(7, 23)(8, 25)(9, 26)(10, 13)(11, 17)(14, 21)(15, 19)(16, 
        22)(18, 20)(24, 32)(27, 30)(29, 31)(36, 37)(38, 39)(40, 41)(42, 58)(43, 
        60)(44, 61)(45, 48)(46, 52)(49, 56)(50, 54)(51, 57)(53, 55)(59, 67)(62, 
        65)(64, 66)
    (1, 4)(2, 3)(5, 6)(7, 32)(11, 30)(12, 28)(14, 21)(16, 31)(17, 27)(22, 
        29)(23, 24)(36, 39)(37, 38)(40, 41)(42, 67)(46, 65)(47, 63)(49, 56)(51, 
        66)(52, 62)(57, 64)(58, 59)
Group ID:
<4, 2>
Picard rank = 4
================================
Subgroup No.17/69
Permutation group acting on a set of cardinality 70
Order = 4 = 2^2
    (7, 16)(8, 26)(9, 25)(10, 20)(13, 18)(22, 23)(24, 29)(31, 32)(34, 35)(42, 
        51)(43, 61)(44, 60)(45, 55)(48, 53)(57, 58)(59, 64)(66, 67)(69, 70)
    (1, 3)(2, 4)(7, 29)(8, 9)(10, 18)(11, 27)(12, 28)(13, 20)(15, 19)(16, 
        24)(17, 30)(22, 32)(23, 31)(25, 26)(34, 35)(36, 38)(37, 39)(42, 64)(43, 
        44)(45, 53)(46, 62)(47, 63)(48, 55)(50, 54)(51, 59)(52, 65)(57, 67)(58, 
        66)(60, 61)(69, 70)
Group ID:
<4, 2>
Picard rank = 5
================================
Subgroup No.18/69
Permutation group acting on a set of cardinality 70
Order = 4 = 2^2
    (1, 2)(3, 4)(5, 6)(7, 23)(8, 25)(9, 26)(10, 13)(11, 17)(14, 21)(15, 19)(16, 
        22)(18, 20)(24, 32)(27, 30)(29, 31)(36, 37)(38, 39)(40, 41)(42, 58)(43, 
        60)(44, 61)(45, 48)(46, 52)(49, 56)(50, 54)(51, 57)(53, 55)(59, 67)(62, 
        65)(64, 66)
    (1, 3)(2, 4)(7, 29)(8, 9)(10, 18)(11, 27)(12, 28)(13, 20)(15, 19)(16, 
        24)(17, 30)(22, 32)(23, 31)(25, 26)(34, 35)(36, 38)(37, 39)(42, 64)(43, 
        44)(45, 53)(46, 62)(47, 63)(48, 55)(50, 54)(51, 59)(52, 65)(57, 67)(58, 
        66)(60, 61)(69, 70)
Group ID:
<4, 2>
Picard rank = 3
================================
Subgroup No.19/69
Permutation group acting on a set of cardinality 70
Order = 6 = 2 * 3
    (1, 2)(3, 4)(5, 6)(7, 23)(8, 25)(9, 26)(10, 13)(11, 17)(14, 21)(15, 19)(16, 
        22)(18, 20)(24, 32)(27, 30)(29, 31)(36, 37)(38, 39)(40, 41)(42, 58)(43, 
        60)(44, 61)(45, 48)(46, 52)(49, 56)(50, 54)(51, 57)(53, 55)(59, 67)(62, 
        65)(64, 66)
    (7, 17, 16)(8, 25, 35)(9, 26, 34)(10, 19, 20)(11, 23, 22)(13, 18, 15)(24, 
        29, 30)(27, 31, 32)(42, 52, 51)(43, 60, 70)(44, 61, 69)(45, 54, 55)(46, 
        58, 57)(48, 53, 50)(59, 64, 65)(62, 66, 67)
Group ID:
<6, 1>
Picard rank = 4
================================
Subgroup No.20/69
Permutation group acting on a set of cardinality 70
Order = 6 = 2 * 3
    (1, 3)(2, 4)(7, 29)(8, 9)(10, 18)(11, 27)(12, 28)(13, 20)(15, 19)(16, 
        24)(17, 30)(22, 32)(23, 31)(25, 26)(34, 35)(36, 38)(37, 39)(42, 64)(43, 
        44)(45, 53)(46, 62)(47, 63)(48, 55)(50, 54)(51, 59)(52, 65)(57, 67)(58, 
        66)(60, 61)(69, 70)
    (1, 3, 5)(2, 4, 6)(7, 10, 32)(11, 15, 30)(12, 28, 33)(13, 24, 23)(16, 20, 
        31)(17, 19, 27)(18, 29, 22)(36, 38, 40)(37, 39, 41)(42, 45, 67)(46, 50, 
        65)(47, 63, 68)(48, 59, 58)(51, 55, 66)(52, 54, 62)(53, 64, 57)
Group ID:
<6, 1>
Picard rank = 3
================================
Subgroup No.21/69
Permutation group acting on a set of cardinality 70
Order = 6 = 2 * 3
    (1, 4)(2, 3)(5, 6)(7, 32)(11, 30)(12, 28)(14, 21)(16, 31)(17, 27)(22, 
        29)(23, 24)(36, 39)(37, 38)(40, 41)(42, 67)(46, 65)(47, 63)(49, 56)(51, 
        66)(52, 62)(57, 64)(58, 59)
    (1, 3, 5)(2, 4, 6)(7, 10, 32)(11, 15, 30)(12, 28, 33)(13, 24, 23)(16, 20, 
        31)(17, 19, 27)(18, 29, 22)(36, 38, 40)(37, 39, 41)(42, 45, 67)(46, 50, 
        65)(47, 63, 68)(48, 59, 58)(51, 55, 66)(52, 54, 62)(53, 64, 57)
Group ID:
<6, 1>
Picard rank = 4
================================
Subgroup No.22/69
Permutation group acting on a set of cardinality 70
Order = 6 = 2 * 3
    (1, 2)(3, 4)(5, 6)(7, 22)(8, 9)(10, 18)(11, 17)(13, 20)(14, 21)(15, 19)(16, 
        23)(24, 31)(25, 26)(27, 30)(29, 32)(34, 35)(36, 37)(38, 39)(40, 41)(42, 
        57)(43, 44)(45, 53)(46, 52)(48, 55)(49, 56)(50, 54)(51, 58)(59, 66)(60, 
        61)(62, 65)(64, 67)(69, 70)
    (7, 17, 16)(8, 25, 35)(9, 26, 34)(10, 19, 20)(11, 23, 22)(13, 18, 15)(24, 
        29, 30)(27, 31, 32)(42, 52, 51)(43, 60, 70)(44, 61, 69)(45, 54, 55)(46, 
        58, 57)(48, 53, 50)(59, 64, 65)(62, 66, 67)
Group ID:
<6, 2>
Picard rank = 4
================================
Subgroup No.23/69
Permutation group acting on a set of cardinality 70
Order = 6 = 2 * 3
    (1, 2)(3, 4)(5, 6)(7, 22)(8, 9)(10, 18)(11, 17)(13, 20)(14, 21)(15, 19)(16, 
        23)(24, 31)(25, 26)(27, 30)(29, 32)(34, 35)(36, 37)(38, 39)(40, 41)(42, 
        57)(43, 44)(45, 53)(46, 52)(48, 55)(49, 56)(50, 54)(51, 58)(59, 66)(60, 
        61)(62, 65)(64, 67)(69, 70)
    (1, 3, 5)(2, 4, 6)(7, 10, 32)(11, 15, 30)(12, 28, 33)(13, 24, 23)(16, 20, 
        31)(17, 19, 27)(18, 29, 22)(36, 38, 40)(37, 39, 41)(42, 45, 67)(46, 50, 
        65)(47, 63, 68)(48, 59, 58)(51, 55, 66)(52, 54, 62)(53, 64, 57)
Group ID:
<6, 2>
Picard rank = 2
================================
Subgroup No.24/69
Permutation group acting on a set of cardinality 70
Order = 6 = 2 * 3
    (7, 16)(8, 26)(9, 25)(10, 20)(13, 18)(22, 23)(24, 29)(31, 32)(34, 35)(42, 
        51)(43, 61)(44, 60)(45, 55)(48, 53)(57, 58)(59, 64)(66, 67)(69, 70)
    (7, 17, 16)(8, 25, 35)(9, 26, 34)(10, 19, 20)(11, 23, 22)(13, 18, 15)(24, 
        29, 30)(27, 31, 32)(42, 52, 51)(43, 60, 70)(44, 61, 69)(45, 54, 55)(46, 
        58, 57)(48, 53, 50)(59, 64, 65)(62, 66, 67)
Group ID:
<6, 1>
Picard rank = 7
================================
Subgroup No.25/69
Permutation group acting on a set of cardinality 70
Order = 6 = 2 * 3
    (1, 2)(3, 4)(5, 6)(7, 22)(8, 9)(10, 18)(11, 17)(13, 20)(14, 21)(15, 19)(16, 
        23)(24, 31)(25, 26)(27, 30)(29, 32)(34, 35)(36, 37)(38, 39)(40, 41)(42, 
        57)(43, 44)(45, 53)(46, 52)(48, 55)(49, 56)(50, 54)(51, 58)(59, 66)(60, 
        61)(62, 65)(64, 67)(69, 70)
    (1, 3, 5)(2, 4, 6)(7, 19, 31)(8, 25, 35)(9, 26, 34)(10, 27, 16)(11, 13, 
        29)(12, 28, 33)(15, 24, 22)(17, 20, 32)(18, 30, 23)(36, 38, 40)(37, 39, 
        41)(42, 54, 66)(43, 60, 70)(44, 61, 69)(45, 62, 51)(46, 48, 64)(47, 63, 
        68)(50, 59, 57)(52, 55, 67)(53, 65, 58)
Group ID:
<6, 2>
Picard rank = 2
================================
Subgroup No.26/69
Permutation group acting on a set of cardinality 70
Order = 6 = 2 * 3
    (1, 4)(2, 3)(5, 6)(7, 31)(8, 26)(9, 25)(10, 20)(11, 30)(12, 28)(13, 18)(14, 
        21)(16, 32)(17, 27)(22, 24)(23, 29)(34, 35)(36, 39)(37, 38)(40, 41)(42, 
        66)(43, 61)(44, 60)(45, 55)(46, 65)(47, 63)(48, 53)(49, 56)(51, 67)(52, 
        62)(57, 59)(58, 64)(69, 70)
    (1, 3, 5)(2, 4, 6)(7, 10, 32)(11, 15, 30)(12, 28, 33)(13, 24, 23)(16, 20, 
        31)(17, 19, 27)(18, 29, 22)(36, 38, 40)(37, 39, 41)(42, 45, 67)(46, 50, 
        65)(47, 63, 68)(48, 59, 58)(51, 55, 66)(52, 54, 62)(53, 64, 57)
Group ID:
<6, 1>
Picard rank = 3
================================
Subgroup No.27/69
Permutation group acting on a set of cardinality 70
Order = 6 = 2 * 3
    (1, 4)(2, 3)(5, 6)(7, 32)(11, 30)(12, 28)(14, 21)(16, 31)(17, 27)(22, 
        29)(23, 24)(36, 39)(37, 38)(40, 41)(42, 67)(46, 65)(47, 63)(49, 56)(51, 
        66)(52, 62)(57, 64)(58, 59)
    (7, 17, 16)(8, 25, 35)(9, 26, 34)(10, 19, 20)(11, 23, 22)(13, 18, 15)(24, 
        29, 30)(27, 31, 32)(42, 52, 51)(43, 60, 70)(44, 61, 69)(45, 54, 55)(46, 
        58, 57)(48, 53, 50)(59, 64, 65)(62, 66, 67)
Group ID:
<6, 2>
Picard rank = 4
================================
Subgroup No.28/69
Permutation group acting on a set of cardinality 70
Order = 6 = 2 * 3
    (1, 3)(2, 4)(7, 29)(8, 9)(10, 18)(11, 27)(12, 28)(13, 20)(15, 19)(16, 
        24)(17, 30)(22, 32)(23, 31)(25, 26)(34, 35)(36, 38)(37, 39)(42, 64)(43, 
        44)(45, 53)(46, 62)(47, 63)(48, 55)(50, 54)(51, 59)(52, 65)(57, 67)(58, 
        66)(60, 61)(69, 70)
    (7, 17, 16)(8, 25, 35)(9, 26, 34)(10, 19, 20)(11, 23, 22)(13, 18, 15)(24, 
        29, 30)(27, 31, 32)(42, 52, 51)(43, 60, 70)(44, 61, 69)(45, 54, 55)(46, 
        58, 57)(48, 53, 50)(59, 64, 65)(62, 66, 67)
Group ID:
<6, 2>
Picard rank = 5
================================
Subgroup No.29/69
Permutation group acting on a set of cardinality 70
Order = 6 = 2 * 3
    (1, 3)(2, 4)(7, 24)(8, 25)(9, 26)(10, 13)(11, 27)(12, 28)(15, 19)(16, 
        29)(17, 30)(18, 20)(22, 31)(23, 32)(36, 38)(37, 39)(42, 59)(43, 60)(44, 
        61)(45, 48)(46, 62)(47, 63)(50, 54)(51, 64)(52, 65)(53, 55)(57, 66)(58, 
        67)
    (1, 3, 5)(2, 4, 6)(7, 10, 32)(11, 15, 30)(12, 28, 33)(13, 24, 23)(16, 20, 
        31)(17, 19, 27)(18, 29, 22)(36, 38, 40)(37, 39, 41)(42, 45, 67)(46, 50, 
        65)(47, 63, 68)(48, 59, 58)(51, 55, 66)(52, 54, 62)(53, 64, 57)
Group ID:
<6, 1>
Picard rank = 4
================================
Subgroup No.30/69
Permutation group acting on a set of cardinality 70
Order = 6 = 2 * 3
    (1, 3)(2, 4)(7, 24)(8, 25)(9, 26)(10, 13)(11, 27)(12, 28)(15, 19)(16, 
        29)(17, 30)(18, 20)(22, 31)(23, 32)(36, 38)(37, 39)(42, 59)(43, 60)(44, 
        61)(45, 48)(46, 62)(47, 63)(50, 54)(51, 64)(52, 65)(53, 55)(57, 66)(58, 
        67)
    (7, 17, 16)(8, 25, 35)(9, 26, 34)(10, 19, 20)(11, 23, 22)(13, 18, 15)(24, 
        29, 30)(27, 31, 32)(42, 52, 51)(43, 60, 70)(44, 61, 69)(45, 54, 55)(46, 
        58, 57)(48, 53, 50)(59, 64, 65)(62, 66, 67)
Group ID:
<6, 1>
Picard rank = 5
================================
Subgroup No.31/69
Permutation group acting on a set of cardinality 70
Order = 6 = 2 * 3
    (1, 2)(3, 4)(5, 6)(7, 23)(8, 25)(9, 26)(10, 13)(11, 17)(14, 21)(15, 19)(16, 
        22)(18, 20)(24, 32)(27, 30)(29, 31)(36, 37)(38, 39)(40, 41)(42, 58)(43, 
        60)(44, 61)(45, 48)(46, 52)(49, 56)(50, 54)(51, 57)(53, 55)(59, 67)(62, 
        65)(64, 66)
    (1, 3, 5)(2, 4, 6)(7, 10, 32)(11, 15, 30)(12, 28, 33)(13, 24, 23)(16, 20, 
        31)(17, 19, 27)(18, 29, 22)(36, 38, 40)(37, 39, 41)(42, 45, 67)(46, 50, 
        65)(47, 63, 68)(48, 59, 58)(51, 55, 66)(52, 54, 62)(53, 64, 57)
Group ID:
<6, 2>
Picard rank = 3
================================
Subgroup No.32/69
Permutation group acting on a set of cardinality 70
Order = 6 = 2 * 3
    (7, 16)(8, 26)(9, 25)(10, 20)(13, 18)(22, 23)(24, 29)(31, 32)(34, 35)(42, 
        51)(43, 61)(44, 60)(45, 55)(48, 53)(57, 58)(59, 64)(66, 67)(69, 70)
    (1, 3, 5)(2, 4, 6)(7, 10, 32)(11, 15, 30)(12, 28, 33)(13, 24, 23)(16, 20, 
        31)(17, 19, 27)(18, 29, 22)(36, 38, 40)(37, 39, 41)(42, 45, 67)(46, 50, 
        65)(47, 63, 68)(48, 59, 58)(51, 55, 66)(52, 54, 62)(53, 64, 57)
Group ID:
<6, 2>
Picard rank = 4
================================
Subgroup No.33/69
Permutation group acting on a set of cardinality 70
Order = 6 = 2 * 3
    (1, 4)(2, 3)(5, 6)(7, 31)(8, 26)(9, 25)(10, 20)(11, 30)(12, 28)(13, 18)(14, 
        21)(16, 32)(17, 27)(22, 24)(23, 29)(34, 35)(36, 39)(37, 38)(40, 41)(42, 
        66)(43, 61)(44, 60)(45, 55)(46, 65)(47, 63)(48, 53)(49, 56)(51, 67)(52, 
        62)(57, 59)(58, 64)(69, 70)
    (7, 17, 16)(8, 25, 35)(9, 26, 34)(10, 19, 20)(11, 23, 22)(13, 18, 15)(24, 
        29, 30)(27, 31, 32)(42, 52, 51)(43, 60, 70)(44, 61, 69)(45, 54, 55)(46, 
        58, 57)(48, 53, 50)(59, 64, 65)(62, 66, 67)
Group ID:
<6, 1>
Picard rank = 4
================================
Subgroup No.34/69
Permutation group acting on a set of cardinality 70
Order = 6 = 2 * 3
    (1, 3)(2, 4)(7, 24)(8, 25)(9, 26)(10, 13)(11, 27)(12, 28)(15, 19)(16, 
        29)(17, 30)(18, 20)(22, 31)(23, 32)(36, 38)(37, 39)(42, 59)(43, 60)(44, 
        61)(45, 48)(46, 62)(47, 63)(50, 54)(51, 64)(52, 65)(53, 55)(57, 66)(58, 
        67)
    (1, 3, 5)(2, 4, 6)(7, 19, 31)(8, 25, 35)(9, 26, 34)(10, 27, 16)(11, 13, 
        29)(12, 28, 33)(15, 24, 22)(17, 20, 32)(18, 30, 23)(36, 38, 40)(37, 39, 
        41)(42, 54, 66)(43, 60, 70)(44, 61, 69)(45, 62, 51)(46, 48, 64)(47, 63, 
        68)(50, 59, 57)(52, 55, 67)(53, 65, 58)
Group ID:
<6, 1>
Picard rank = 3
================================
Subgroup No.35/69
Permutation group acting on a set of cardinality 70
Order = 6 = 2 * 3
    (1, 4)(2, 3)(5, 6)(7, 31)(8, 26)(9, 25)(10, 20)(11, 30)(12, 28)(13, 18)(14, 
        21)(16, 32)(17, 27)(22, 24)(23, 29)(34, 35)(36, 39)(37, 38)(40, 41)(42, 
        66)(43, 61)(44, 60)(45, 55)(46, 65)(47, 63)(48, 53)(49, 56)(51, 67)(52, 
        62)(57, 59)(58, 64)(69, 70)
    (1, 3, 5)(2, 4, 6)(7, 19, 31)(8, 25, 35)(9, 26, 34)(10, 27, 16)(11, 13, 
        29)(12, 28, 33)(15, 24, 22)(17, 20, 32)(18, 30, 23)(36, 38, 40)(37, 39, 
        41)(42, 54, 66)(43, 60, 70)(44, 61, 69)(45, 62, 51)(46, 48, 64)(47, 63, 
        68)(50, 59, 57)(52, 55, 67)(53, 65, 58)
Group ID:
<6, 1>
Picard rank = 2
================================
Subgroup No.36/69
Permutation group acting on a set of cardinality 70
Order = 9 = 3^2
    (7, 17, 16)(8, 25, 35)(9, 26, 34)(10, 19, 20)(11, 23, 22)(13, 18, 15)(24, 
        29, 30)(27, 31, 32)(42, 52, 51)(43, 60, 70)(44, 61, 69)(45, 54, 55)(46, 
        58, 57)(48, 53, 50)(59, 64, 65)(62, 66, 67)
    (1, 3, 5)(2, 4, 6)(7, 10, 32)(11, 15, 30)(12, 28, 33)(13, 24, 23)(16, 20, 
        31)(17, 19, 27)(18, 29, 22)(36, 38, 40)(37, 39, 41)(42, 45, 67)(46, 50, 
        65)(47, 63, 68)(48, 59, 58)(51, 55, 66)(52, 54, 62)(53, 64, 57)
Group ID:
<9, 2>
Picard rank = 3
================================
Subgroup No.37/69
Permutation group acting on a set of cardinality 70
Order = 8 = 2^3
    (7, 16)(8, 26)(9, 25)(10, 20)(13, 18)(22, 23)(24, 29)(31, 32)(34, 35)(42, 
        51)(43, 61)(44, 60)(45, 55)(48, 53)(57, 58)(59, 64)(66, 67)(69, 70)
    (1, 3)(2, 4)(7, 29)(8, 9)(10, 18)(11, 27)(12, 28)(13, 20)(15, 19)(16, 
        24)(17, 30)(22, 32)(23, 31)(25, 26)(34, 35)(36, 38)(37, 39)(42, 64)(43, 
        44)(45, 53)(46, 62)(47, 63)(48, 55)(50, 54)(51, 59)(52, 65)(57, 67)(58, 
        66)(60, 61)(69, 70)
    (1, 2)(3, 4)(5, 6)(7, 22)(8, 9)(10, 18)(11, 17)(13, 20)(14, 21)(15, 19)(16, 
        23)(24, 31)(25, 26)(27, 30)(29, 32)(34, 35)(36, 37)(38, 39)(40, 41)(42, 
        57)(43, 44)(45, 53)(46, 52)(48, 55)(49, 56)(50, 54)(51, 58)(59, 66)(60, 
        61)(62, 65)(64, 67)(69, 70)
Group ID:
<8, 5>
Picard rank = 3
================================
Subgroup No.38/69
Permutation group acting on a set of cardinality 70
Order = 12 = 2^2 * 3
    (1, 3)(2, 4)(7, 29)(8, 9)(10, 18)(11, 27)(12, 28)(13, 20)(15, 19)(16, 
        24)(17, 30)(22, 32)(23, 31)(25, 26)(34, 35)(36, 38)(37, 39)(42, 64)(43, 
        44)(45, 53)(46, 62)(47, 63)(48, 55)(50, 54)(51, 59)(52, 65)(57, 67)(58, 
        66)(60, 61)(69, 70)
    (1, 2)(3, 4)(5, 6)(7, 22)(8, 9)(10, 18)(11, 17)(13, 20)(14, 21)(15, 19)(16, 
        23)(24, 31)(25, 26)(27, 30)(29, 32)(34, 35)(36, 37)(38, 39)(40, 41)(42, 
        57)(43, 44)(45, 53)(46, 52)(48, 55)(49, 56)(50, 54)(51, 58)(59, 66)(60, 
        61)(62, 65)(64, 67)(69, 70)
    (1, 3, 5)(2, 4, 6)(7, 10, 32)(11, 15, 30)(12, 28, 33)(13, 24, 23)(16, 20, 
        31)(17, 19, 27)(18, 29, 22)(36, 38, 40)(37, 39, 41)(42, 45, 67)(46, 50, 
        65)(47, 63, 68)(48, 59, 58)(51, 55, 66)(52, 54, 62)(53, 64, 57)
Group ID:
<12, 4>
Picard rank = 2
================================
Subgroup No.39/69
Permutation group acting on a set of cardinality 70
Order = 12 = 2^2 * 3
    (7, 16)(8, 26)(9, 25)(10, 20)(13, 18)(22, 23)(24, 29)(31, 32)(34, 35)(42, 
        51)(43, 61)(44, 60)(45, 55)(48, 53)(57, 58)(59, 64)(66, 67)(69, 70)
    (1, 2)(3, 4)(5, 6)(7, 22)(8, 9)(10, 18)(11, 17)(13, 20)(14, 21)(15, 19)(16, 
        23)(24, 31)(25, 26)(27, 30)(29, 32)(34, 35)(36, 37)(38, 39)(40, 41)(42, 
        57)(43, 44)(45, 53)(46, 52)(48, 55)(49, 56)(50, 54)(51, 58)(59, 66)(60, 
        61)(62, 65)(64, 67)(69, 70)
    (7, 17, 16)(8, 25, 35)(9, 26, 34)(10, 19, 20)(11, 23, 22)(13, 18, 15)(24, 
        29, 30)(27, 31, 32)(42, 52, 51)(43, 60, 70)(44, 61, 69)(45, 54, 55)(46, 
        58, 57)(48, 53, 50)(59, 64, 65)(62, 66, 67)
Group ID:
<12, 4>
Picard rank = 4
================================
Subgroup No.40/69
Permutation group acting on a set of cardinality 70
Order = 12 = 2^2 * 3
    (7, 16)(8, 26)(9, 25)(10, 20)(13, 18)(22, 23)(24, 29)(31, 32)(34, 35)(42, 
        51)(43, 61)(44, 60)(45, 55)(48, 53)(57, 58)(59, 64)(66, 67)(69, 70)
    (1, 2)(3, 4)(5, 6)(7, 22)(8, 9)(10, 18)(11, 17)(13, 20)(14, 21)(15, 19)(16, 
        23)(24, 31)(25, 26)(27, 30)(29, 32)(34, 35)(36, 37)(38, 39)(40, 41)(42, 
        57)(43, 44)(45, 53)(46, 52)(48, 55)(49, 56)(50, 54)(51, 58)(59, 66)(60, 
        61)(62, 65)(64, 67)(69, 70)
    (1, 3, 5)(2, 4, 6)(7, 10, 32)(11, 15, 30)(12, 28, 33)(13, 24, 23)(16, 20, 
        31)(17, 19, 27)(18, 29, 22)(36, 38, 40)(37, 39, 41)(42, 45, 67)(46, 50, 
        65)(47, 63, 68)(48, 59, 58)(51, 55, 66)(52, 54, 62)(53, 64, 57)
Group ID:
<12, 5>
Picard rank = 2
================================
Subgroup No.41/69
Permutation group acting on a set of cardinality 70
Order = 12 = 2^2 * 3
    (1, 2)(3, 4)(5, 6)(7, 23)(8, 25)(9, 26)(10, 13)(11, 17)(14, 21)(15, 19)(16, 
        22)(18, 20)(24, 32)(27, 30)(29, 31)(36, 37)(38, 39)(40, 41)(42, 58)(43, 
        60)(44, 61)(45, 48)(46, 52)(49, 56)(50, 54)(51, 57)(53, 55)(59, 67)(62, 
        65)(64, 66)
    (1, 4)(2, 3)(5, 6)(7, 32)(11, 30)(12, 28)(14, 21)(16, 31)(17, 27)(22, 
        29)(23, 24)(36, 39)(37, 38)(40, 41)(42, 67)(46, 65)(47, 63)(49, 56)(51, 
        66)(52, 62)(57, 64)(58, 59)
    (7, 17, 16)(8, 25, 35)(9, 26, 34)(10, 19, 20)(11, 23, 22)(13, 18, 15)(24, 
        29, 30)(27, 31, 32)(42, 52, 51)(43, 60, 70)(44, 61, 69)(45, 54, 55)(46, 
        58, 57)(48, 53, 50)(59, 64, 65)(62, 66, 67)
Group ID:
<12, 4>
Picard rank = 3
================================
Subgroup No.42/69
Permutation group acting on a set of cardinality 70
Order = 12 = 2^2 * 3
    (1, 2)(3, 4)(5, 6)(7, 23)(8, 25)(9, 26)(10, 13)(11, 17)(14, 21)(15, 19)(16, 
        22)(18, 20)(24, 32)(27, 30)(29, 31)(36, 37)(38, 39)(40, 41)(42, 58)(43, 
        60)(44, 61)(45, 48)(46, 52)(49, 56)(50, 54)(51, 57)(53, 55)(59, 67)(62, 
        65)(64, 66)
    (1, 4)(2, 3)(5, 6)(7, 32)(11, 30)(12, 28)(14, 21)(16, 31)(17, 27)(22, 
        29)(23, 24)(36, 39)(37, 38)(40, 41)(42, 67)(46, 65)(47, 63)(49, 56)(51, 
        66)(52, 62)(57, 64)(58, 59)
    (1, 3, 5)(2, 4, 6)(7, 10, 32)(11, 15, 30)(12, 28, 33)(13, 24, 23)(16, 20, 
        31)(17, 19, 27)(18, 29, 22)(36, 38, 40)(37, 39, 41)(42, 45, 67)(46, 50, 
        65)(47, 63, 68)(48, 59, 58)(51, 55, 66)(52, 54, 62)(53, 64, 57)
Group ID:
<12, 4>
Picard rank = 3
================================
Subgroup No.43/69
Permutation group acting on a set of cardinality 70
Order = 12 = 2^2 * 3
    (1, 2)(3, 4)(5, 6)(7, 23)(8, 25)(9, 26)(10, 13)(11, 17)(14, 21)(15, 19)(16, 
        22)(18, 20)(24, 32)(27, 30)(29, 31)(36, 37)(38, 39)(40, 41)(42, 58)(43, 
        60)(44, 61)(45, 48)(46, 52)(49, 56)(50, 54)(51, 57)(53, 55)(59, 67)(62, 
        65)(64, 66)
    (1, 3)(2, 4)(7, 29)(8, 9)(10, 18)(11, 27)(12, 28)(13, 20)(15, 19)(16, 
        24)(17, 30)(22, 32)(23, 31)(25, 26)(34, 35)(36, 38)(37, 39)(42, 64)(43, 
        44)(45, 53)(46, 62)(47, 63)(48, 55)(50, 54)(51, 59)(52, 65)(57, 67)(58, 
        66)(60, 61)(69, 70)
    (7, 17, 16)(8, 25, 35)(9, 26, 34)(10, 19, 20)(11, 23, 22)(13, 18, 15)(24, 
        29, 30)(27, 31, 32)(42, 52, 51)(43, 60, 70)(44, 61, 69)(45, 54, 55)(46, 
        58, 57)(48, 53, 50)(59, 64, 65)(62, 66, 67)
Group ID:
<12, 4>
Picard rank = 3
================================
Subgroup No.44/69
Permutation group acting on a set of cardinality 70
Order = 12 = 2^2 * 3
    (7, 16)(8, 26)(9, 25)(10, 20)(13, 18)(22, 23)(24, 29)(31, 32)(34, 35)(42, 
        51)(43, 61)(44, 60)(45, 55)(48, 53)(57, 58)(59, 64)(66, 67)(69, 70)
    (1, 4)(2, 3)(5, 6)(7, 32)(11, 30)(12, 28)(14, 21)(16, 31)(17, 27)(22, 
        29)(23, 24)(36, 39)(37, 38)(40, 41)(42, 67)(46, 65)(47, 63)(49, 56)(51, 
        66)(52, 62)(57, 64)(58, 59)
    (1, 3, 5)(2, 4, 6)(7, 10, 32)(11, 15, 30)(12, 28, 33)(13, 24, 23)(16, 20, 
        31)(17, 19, 27)(18, 29, 22)(36, 38, 40)(37, 39, 41)(42, 45, 67)(46, 50, 
        65)(47, 63, 68)(48, 59, 58)(51, 55, 66)(52, 54, 62)(53, 64, 57)
Group ID:
<12, 4>
Picard rank = 3
================================
Subgroup No.45/69
Permutation group acting on a set of cardinality 70
Order = 12 = 2^2 * 3
    (7, 16)(8, 26)(9, 25)(10, 20)(13, 18)(22, 23)(24, 29)(31, 32)(34, 35)(42, 
        51)(43, 61)(44, 60)(45, 55)(48, 53)(57, 58)(59, 64)(66, 67)(69, 70)
    (1, 4)(2, 3)(5, 6)(7, 32)(11, 30)(12, 28)(14, 21)(16, 31)(17, 27)(22, 
        29)(23, 24)(36, 39)(37, 38)(40, 41)(42, 67)(46, 65)(47, 63)(49, 56)(51, 
        66)(52, 62)(57, 64)(58, 59)
    (7, 17, 16)(8, 25, 35)(9, 26, 34)(10, 19, 20)(11, 23, 22)(13, 18, 15)(24, 
        29, 30)(27, 31, 32)(42, 52, 51)(43, 60, 70)(44, 61, 69)(45, 54, 55)(46, 
        58, 57)(48, 53, 50)(59, 64, 65)(62, 66, 67)
Group ID:
<12, 4>
Picard rank = 4
================================
Subgroup No.46/69
Permutation group acting on a set of cardinality 70
Order = 12 = 2^2 * 3
    (1, 2)(3, 4)(5, 6)(7, 23)(8, 25)(9, 26)(10, 13)(11, 17)(14, 21)(15, 19)(16, 
        22)(18, 20)(24, 32)(27, 30)(29, 31)(36, 37)(38, 39)(40, 41)(42, 58)(43, 
        60)(44, 61)(45, 48)(46, 52)(49, 56)(50, 54)(51, 57)(53, 55)(59, 67)(62, 
        65)(64, 66)
    (1, 3)(2, 4)(7, 29)(8, 9)(10, 18)(11, 27)(12, 28)(13, 20)(15, 19)(16, 
        24)(17, 30)(22, 32)(23, 31)(25, 26)(34, 35)(36, 38)(37, 39)(42, 64)(43, 
        44)(45, 53)(46, 62)(47, 63)(48, 55)(50, 54)(51, 59)(52, 65)(57, 67)(58, 
        66)(60, 61)(69, 70)
    (1, 3, 5)(2, 4, 6)(7, 10, 32)(11, 15, 30)(12, 28, 33)(13, 24, 23)(16, 20, 
        31)(17, 19, 27)(18, 29, 22)(36, 38, 40)(37, 39, 41)(42, 45, 67)(46, 50, 
        65)(47, 63, 68)(48, 59, 58)(51, 55, 66)(52, 54, 62)(53, 64, 57)
Group ID:
<12, 4>
Picard rank = 2
================================
Subgroup No.47/69
Permutation group acting on a set of cardinality 70
Order = 12 = 2^2 * 3
    (1, 3)(2, 4)(7, 24)(8, 25)(9, 26)(10, 13)(11, 27)(12, 28)(15, 19)(16, 
        29)(17, 30)(18, 20)(22, 31)(23, 32)(36, 38)(37, 39)(42, 59)(43, 60)(44, 
        61)(45, 48)(46, 62)(47, 63)(50, 54)(51, 64)(52, 65)(53, 55)(57, 66)(58, 
        67)
    (1, 2)(3, 4)(5, 6)(7, 22)(8, 9)(10, 18)(11, 17)(13, 20)(14, 21)(15, 19)(16, 
        23)(24, 31)(25, 26)(27, 30)(29, 32)(34, 35)(36, 37)(38, 39)(40, 41)(42, 
        57)(43, 44)(45, 53)(46, 52)(48, 55)(49, 56)(50, 54)(51, 58)(59, 66)(60, 
        61)(62, 65)(64, 67)(69, 70)
    (7, 17, 16)(8, 25, 35)(9, 26, 34)(10, 19, 20)(11, 23, 22)(13, 18, 15)(24, 
        29, 30)(27, 31, 32)(42, 52, 51)(43, 60, 70)(44, 61, 69)(45, 54, 55)(46, 
        58, 57)(48, 53, 50)(59, 64, 65)(62, 66, 67)
Group ID:
<12, 4>
Picard rank = 3
================================
Subgroup No.48/69
Permutation group acting on a set of cardinality 70
Order = 12 = 2^2 * 3
    (1, 3)(2, 4)(7, 24)(8, 25)(9, 26)(10, 13)(11, 27)(12, 28)(15, 19)(16, 
        29)(17, 30)(18, 20)(22, 31)(23, 32)(36, 38)(37, 39)(42, 59)(43, 60)(44, 
        61)(45, 48)(46, 62)(47, 63)(50, 54)(51, 64)(52, 65)(53, 55)(57, 66)(58, 
        67)
    (1, 2)(3, 4)(5, 6)(7, 22)(8, 9)(10, 18)(11, 17)(13, 20)(14, 21)(15, 19)(16, 
        23)(24, 31)(25, 26)(27, 30)(29, 32)(34, 35)(36, 37)(38, 39)(40, 41)(42, 
        57)(43, 44)(45, 53)(46, 52)(48, 55)(49, 56)(50, 54)(51, 58)(59, 66)(60, 
        61)(62, 65)(64, 67)(69, 70)
    (1, 3, 5)(2, 4, 6)(7, 10, 32)(11, 15, 30)(12, 28, 33)(13, 24, 23)(16, 20, 
        31)(17, 19, 27)(18, 29, 22)(36, 38, 40)(37, 39, 41)(42, 45, 67)(46, 50, 
        65)(47, 63, 68)(48, 59, 58)(51, 55, 66)(52, 54, 62)(53, 64, 57)
Group ID:
<12, 4>
Picard rank = 2
================================
Subgroup No.49/69
Permutation group acting on a set of cardinality 70
Order = 12 = 2^2 * 3
    (7, 16)(8, 26)(9, 25)(10, 20)(13, 18)(22, 23)(24, 29)(31, 32)(34, 35)(42, 
        51)(43, 61)(44, 60)(45, 55)(48, 53)(57, 58)(59, 64)(66, 67)(69, 70)
    (1, 3)(2, 4)(7, 29)(8, 9)(10, 18)(11, 27)(12, 28)(13, 20)(15, 19)(16, 
        24)(17, 30)(22, 32)(23, 31)(25, 26)(34, 35)(36, 38)(37, 39)(42, 64)(43, 
        44)(45, 53)(46, 62)(47, 63)(48, 55)(50, 54)(51, 59)(52, 65)(57, 67)(58, 
        66)(60, 61)(69, 70)
    (1, 3, 5)(2, 4, 6)(7, 10, 32)(11, 15, 30)(12, 28, 33)(13, 24, 23)(16, 20, 
        31)(17, 19, 27)(18, 29, 22)(36, 38, 40)(37, 39, 41)(42, 45, 67)(46, 50, 
        65)(47, 63, 68)(48, 59, 58)(51, 55, 66)(52, 54, 62)(53, 64, 57)
Group ID:
<12, 4>
Picard rank = 3
================================
Subgroup No.50/69
Permutation group acting on a set of cardinality 70
Order = 12 = 2^2 * 3
    (1, 3)(2, 4)(7, 29)(8, 9)(10, 18)(11, 27)(12, 28)(13, 20)(15, 19)(16, 
        24)(17, 30)(22, 32)(23, 31)(25, 26)(34, 35)(36, 38)(37, 39)(42, 64)(43, 
        44)(45, 53)(46, 62)(47, 63)(48, 55)(50, 54)(51, 59)(52, 65)(57, 67)(58, 
        66)(60, 61)(69, 70)
    (1, 2)(3, 4)(5, 6)(7, 22)(8, 9)(10, 18)(11, 17)(13, 20)(14, 21)(15, 19)(16, 
        23)(24, 31)(25, 26)(27, 30)(29, 32)(34, 35)(36, 37)(38, 39)(40, 41)(42, 
        57)(43, 44)(45, 53)(46, 52)(48, 55)(49, 56)(50, 54)(51, 58)(59, 66)(60, 
        61)(62, 65)(64, 67)(69, 70)
    (7, 17, 16)(8, 25, 35)(9, 26, 34)(10, 19, 20)(11, 23, 22)(13, 18, 15)(24, 
        29, 30)(27, 31, 32)(42, 52, 51)(43, 60, 70)(44, 61, 69)(45, 54, 55)(46, 
        58, 57)(48, 53, 50)(59, 64, 65)(62, 66, 67)
Group ID:
<12, 5>
Picard rank = 3
================================
Subgroup No.51/69
Permutation group acting on a set of cardinality 70
Order = 12 = 2^2 * 3
    (7, 16)(8, 26)(9, 25)(10, 20)(13, 18)(22, 23)(24, 29)(31, 32)(34, 35)(42, 
        51)(43, 61)(44, 60)(45, 55)(48, 53)(57, 58)(59, 64)(66, 67)(69, 70)
    (1, 3)(2, 4)(7, 29)(8, 9)(10, 18)(11, 27)(12, 28)(13, 20)(15, 19)(16, 
        24)(17, 30)(22, 32)(23, 31)(25, 26)(34, 35)(36, 38)(37, 39)(42, 64)(43, 
        44)(45, 53)(46, 62)(47, 63)(48, 55)(50, 54)(51, 59)(52, 65)(57, 67)(58, 
        66)(60, 61)(69, 70)
    (7, 17, 16)(8, 25, 35)(9, 26, 34)(10, 19, 20)(11, 23, 22)(13, 18, 15)(24, 
        29, 30)(27, 31, 32)(42, 52, 51)(43, 60, 70)(44, 61, 69)(45, 54, 55)(46, 
        58, 57)(48, 53, 50)(59, 64, 65)(62, 66, 67)
Group ID:
<12, 4>
Picard rank = 5
================================
Subgroup No.52/69
Permutation group acting on a set of cardinality 70
Order = 12 = 2^2 * 3
    (1, 3)(2, 4)(7, 24)(8, 25)(9, 26)(10, 13)(11, 27)(12, 28)(15, 19)(16, 
        29)(17, 30)(18, 20)(22, 31)(23, 32)(36, 38)(37, 39)(42, 59)(43, 60)(44, 
        61)(45, 48)(46, 62)(47, 63)(50, 54)(51, 64)(52, 65)(53, 55)(57, 66)(58, 
        67)
    (1, 2)(3, 4)(5, 6)(7, 22)(8, 9)(10, 18)(11, 17)(13, 20)(14, 21)(15, 19)(16, 
        23)(24, 31)(25, 26)(27, 30)(29, 32)(34, 35)(36, 37)(38, 39)(40, 41)(42, 
        57)(43, 44)(45, 53)(46, 52)(48, 55)(49, 56)(50, 54)(51, 58)(59, 66)(60, 
        61)(62, 65)(64, 67)(69, 70)
    (1, 3, 5)(2, 4, 6)(7, 19, 31)(8, 25, 35)(9, 26, 34)(10, 27, 16)(11, 13, 
        29)(12, 28, 33)(15, 24, 22)(17, 20, 32)(18, 30, 23)(36, 38, 40)(37, 39, 
        41)(42, 54, 66)(43, 60, 70)(44, 61, 69)(45, 62, 51)(46, 48, 64)(47, 63, 
        68)(50, 59, 57)(52, 55, 67)(53, 65, 58)
Group ID:
<12, 4>
Picard rank = 2
================================
Subgroup No.53/69
Permutation group acting on a set of cardinality 70
Order = 18 = 2 * 3^2
    (1, 2)(3, 4)(5, 6)(7, 22)(8, 9)(10, 18)(11, 17)(13, 20)(14, 21)(15, 19)(16, 
        23)(24, 31)(25, 26)(27, 30)(29, 32)(34, 35)(36, 37)(38, 39)(40, 41)(42, 
        57)(43, 44)(45, 53)(46, 52)(48, 55)(49, 56)(50, 54)(51, 58)(59, 66)(60, 
        61)(62, 65)(64, 67)(69, 70)
    (7, 17, 16)(8, 25, 35)(9, 26, 34)(10, 19, 20)(11, 23, 22)(13, 18, 15)(24, 
        29, 30)(27, 31, 32)(42, 52, 51)(43, 60, 70)(44, 61, 69)(45, 54, 55)(46, 
        58, 57)(48, 53, 50)(59, 64, 65)(62, 66, 67)
    (1, 3, 5)(2, 4, 6)(7, 10, 32)(11, 15, 30)(12, 28, 33)(13, 24, 23)(16, 20, 
        31)(17, 19, 27)(18, 29, 22)(36, 38, 40)(37, 39, 41)(42, 45, 67)(46, 50, 
        65)(47, 63, 68)(48, 59, 58)(51, 55, 66)(52, 54, 62)(53, 64, 57)
Group ID:
<18, 5>
Picard rank = 2
================================
Subgroup No.54/69
Permutation group acting on a set of cardinality 70
Order = 18 = 2 * 3^2
    (1, 2)(3, 4)(5, 6)(7, 23)(8, 25)(9, 26)(10, 13)(11, 17)(14, 21)(15, 19)(16, 
        22)(18, 20)(24, 32)(27, 30)(29, 31)(36, 37)(38, 39)(40, 41)(42, 58)(43, 
        60)(44, 61)(45, 48)(46, 52)(49, 56)(50, 54)(51, 57)(53, 55)(59, 67)(62, 
        65)(64, 66)
    (7, 17, 16)(8, 25, 35)(9, 26, 34)(10, 19, 20)(11, 23, 22)(13, 18, 15)(24, 
        29, 30)(27, 31, 32)(42, 52, 51)(43, 60, 70)(44, 61, 69)(45, 54, 55)(46, 
        58, 57)(48, 53, 50)(59, 64, 65)(62, 66, 67)
    (1, 3, 5)(2, 4, 6)(7, 10, 32)(11, 15, 30)(12, 28, 33)(13, 24, 23)(16, 20, 
        31)(17, 19, 27)(18, 29, 22)(36, 38, 40)(37, 39, 41)(42, 45, 67)(46, 50, 
        65)(47, 63, 68)(48, 59, 58)(51, 55, 66)(52, 54, 62)(53, 64, 57)
Group ID:
<18, 3>
Picard rank = 2
================================
Subgroup No.55/69
Permutation group acting on a set of cardinality 70
Order = 18 = 2 * 3^2
    (1, 4)(2, 3)(5, 6)(7, 32)(11, 30)(12, 28)(14, 21)(16, 31)(17, 27)(22, 
        29)(23, 24)(36, 39)(37, 38)(40, 41)(42, 67)(46, 65)(47, 63)(49, 56)(51, 
        66)(52, 62)(57, 64)(58, 59)
    (7, 17, 16)(8, 25, 35)(9, 26, 34)(10, 19, 20)(11, 23, 22)(13, 18, 15)(24, 
        29, 30)(27, 31, 32)(42, 52, 51)(43, 60, 70)(44, 61, 69)(45, 54, 55)(46, 
        58, 57)(48, 53, 50)(59, 64, 65)(62, 66, 67)
    (1, 3, 5)(2, 4, 6)(7, 10, 32)(11, 15, 30)(12, 28, 33)(13, 24, 23)(16, 20, 
        31)(17, 19, 27)(18, 29, 22)(36, 38, 40)(37, 39, 41)(42, 45, 67)(46, 50, 
        65)(47, 63, 68)(48, 59, 58)(51, 55, 66)(52, 54, 62)(53, 64, 57)
Group ID:
<18, 3>
Picard rank = 2
================================
Subgroup No.56/69
Permutation group acting on a set of cardinality 70
Order = 18 = 2 * 3^2
    (1, 4)(2, 3)(5, 6)(7, 31)(8, 26)(9, 25)(10, 20)(11, 30)(12, 28)(13, 18)(14, 
        21)(16, 32)(17, 27)(22, 24)(23, 29)(34, 35)(36, 39)(37, 38)(40, 41)(42, 
        66)(43, 61)(44, 60)(45, 55)(46, 65)(47, 63)(48, 53)(49, 56)(51, 67)(52, 
        62)(57, 59)(58, 64)(69, 70)
    (7, 17, 16)(8, 25, 35)(9, 26, 34)(10, 19, 20)(11, 23, 22)(13, 18, 15)(24, 
        29, 30)(27, 31, 32)(42, 52, 51)(43, 60, 70)(44, 61, 69)(45, 54, 55)(46, 
        58, 57)(48, 53, 50)(59, 64, 65)(62, 66, 67)
    (1, 3, 5)(2, 4, 6)(7, 10, 32)(11, 15, 30)(12, 28, 33)(13, 24, 23)(16, 20, 
        31)(17, 19, 27)(18, 29, 22)(36, 38, 40)(37, 39, 41)(42, 45, 67)(46, 50, 
        65)(47, 63, 68)(48, 59, 58)(51, 55, 66)(52, 54, 62)(53, 64, 57)
Group ID:
<18, 4>
Picard rank = 2
================================
Subgroup No.57/69
Permutation group acting on a set of cardinality 70
Order = 18 = 2 * 3^2
    (1, 3)(2, 4)(7, 29)(8, 9)(10, 18)(11, 27)(12, 28)(13, 20)(15, 19)(16, 
        24)(17, 30)(22, 32)(23, 31)(25, 26)(34, 35)(36, 38)(37, 39)(42, 64)(43, 
        44)(45, 53)(46, 62)(47, 63)(48, 55)(50, 54)(51, 59)(52, 65)(57, 67)(58, 
        66)(60, 61)(69, 70)
    (7, 17, 16)(8, 25, 35)(9, 26, 34)(10, 19, 20)(11, 23, 22)(13, 18, 15)(24, 
        29, 30)(27, 31, 32)(42, 52, 51)(43, 60, 70)(44, 61, 69)(45, 54, 55)(46, 
        58, 57)(48, 53, 50)(59, 64, 65)(62, 66, 67)
    (1, 3, 5)(2, 4, 6)(7, 10, 32)(11, 15, 30)(12, 28, 33)(13, 24, 23)(16, 20, 
        31)(17, 19, 27)(18, 29, 22)(36, 38, 40)(37, 39, 41)(42, 45, 67)(46, 50, 
        65)(47, 63, 68)(48, 59, 58)(51, 55, 66)(52, 54, 62)(53, 64, 57)
Group ID:
<18, 3>
Picard rank = 3
================================
Subgroup No.58/69
Permutation group acting on a set of cardinality 70
Order = 18 = 2 * 3^2
    (7, 16)(8, 26)(9, 25)(10, 20)(13, 18)(22, 23)(24, 29)(31, 32)(34, 35)(42, 
        51)(43, 61)(44, 60)(45, 55)(48, 53)(57, 58)(59, 64)(66, 67)(69, 70)
    (7, 17, 16)(8, 25, 35)(9, 26, 34)(10, 19, 20)(11, 23, 22)(13, 18, 15)(24, 
        29, 30)(27, 31, 32)(42, 52, 51)(43, 60, 70)(44, 61, 69)(45, 54, 55)(46, 
        58, 57)(48, 53, 50)(59, 64, 65)(62, 66, 67)
    (1, 3, 5)(2, 4, 6)(7, 10, 32)(11, 15, 30)(12, 28, 33)(13, 24, 23)(16, 20, 
        31)(17, 19, 27)(18, 29, 22)(36, 38, 40)(37, 39, 41)(42, 45, 67)(46, 50, 
        65)(47, 63, 68)(48, 59, 58)(51, 55, 66)(52, 54, 62)(53, 64, 57)
Group ID:
<18, 3>
Picard rank = 3
================================
Subgroup No.59/69
Permutation group acting on a set of cardinality 70
Order = 18 = 2 * 3^2
    (1, 3)(2, 4)(7, 24)(8, 25)(9, 26)(10, 13)(11, 27)(12, 28)(15, 19)(16, 
        29)(17, 30)(18, 20)(22, 31)(23, 32)(36, 38)(37, 39)(42, 59)(43, 60)(44, 
        61)(45, 48)(46, 62)(47, 63)(50, 54)(51, 64)(52, 65)(53, 55)(57, 66)(58, 
        67)
    (7, 17, 16)(8, 25, 35)(9, 26, 34)(10, 19, 20)(11, 23, 22)(13, 18, 15)(24, 
        29, 30)(27, 31, 32)(42, 52, 51)(43, 60, 70)(44, 61, 69)(45, 54, 55)(46, 
        58, 57)(48, 53, 50)(59, 64, 65)(62, 66, 67)
    (1, 3, 5)(2, 4, 6)(7, 10, 32)(11, 15, 30)(12, 28, 33)(13, 24, 23)(16, 20, 
        31)(17, 19, 27)(18, 29, 22)(36, 38, 40)(37, 39, 41)(42, 45, 67)(46, 50, 
        65)(47, 63, 68)(48, 59, 58)(51, 55, 66)(52, 54, 62)(53, 64, 57)
Group ID:
<18, 4>
Picard rank = 3
================================
Subgroup No.60/69
Permutation group acting on a set of cardinality 70
Order = 24 = 2^3 * 3
    (7, 16)(8, 26)(9, 25)(10, 20)(13, 18)(22, 23)(24, 29)(31, 32)(34, 35)(42, 
        51)(43, 61)(44, 60)(45, 55)(48, 53)(57, 58)(59, 64)(66, 67)(69, 70)
    (1, 3)(2, 4)(7, 29)(8, 9)(10, 18)(11, 27)(12, 28)(13, 20)(15, 19)(16, 
        24)(17, 30)(22, 32)(23, 31)(25, 26)(34, 35)(36, 38)(37, 39)(42, 64)(43, 
        44)(45, 53)(46, 62)(47, 63)(48, 55)(50, 54)(51, 59)(52, 65)(57, 67)(58, 
        66)(60, 61)(69, 70)
    (1, 2)(3, 4)(5, 6)(7, 22)(8, 9)(10, 18)(11, 17)(13, 20)(14, 21)(15, 19)(16, 
        23)(24, 31)(25, 26)(27, 30)(29, 32)(34, 35)(36, 37)(38, 39)(40, 41)(42, 
        57)(43, 44)(45, 53)(46, 52)(48, 55)(49, 56)(50, 54)(51, 58)(59, 66)(60, 
        61)(62, 65)(64, 67)(69, 70)
    (1, 3, 5)(2, 4, 6)(7, 10, 32)(11, 15, 30)(12, 28, 33)(13, 24, 23)(16, 20, 
        31)(17, 19, 27)(18, 29, 22)(36, 38, 40)(37, 39, 41)(42, 45, 67)(46, 50, 
        65)(47, 63, 68)(48, 59, 58)(51, 55, 66)(52, 54, 62)(53, 64, 57)
Group ID:
<24, 14>
Picard rank = 2
================================
Subgroup No.61/69
Permutation group acting on a set of cardinality 70
Order = 24 = 2^3 * 3
    (7, 16)(8, 26)(9, 25)(10, 20)(13, 18)(22, 23)(24, 29)(31, 32)(34, 35)(42, 
        51)(43, 61)(44, 60)(45, 55)(48, 53)(57, 58)(59, 64)(66, 67)(69, 70)
    (1, 3)(2, 4)(7, 29)(8, 9)(10, 18)(11, 27)(12, 28)(13, 20)(15, 19)(16, 
        24)(17, 30)(22, 32)(23, 31)(25, 26)(34, 35)(36, 38)(37, 39)(42, 64)(43, 
        44)(45, 53)(46, 62)(47, 63)(48, 55)(50, 54)(51, 59)(52, 65)(57, 67)(58, 
        66)(60, 61)(69, 70)
    (1, 2)(3, 4)(5, 6)(7, 22)(8, 9)(10, 18)(11, 17)(13, 20)(14, 21)(15, 19)(16, 
        23)(24, 31)(25, 26)(27, 30)(29, 32)(34, 35)(36, 37)(38, 39)(40, 41)(42, 
        57)(43, 44)(45, 53)(46, 52)(48, 55)(49, 56)(50, 54)(51, 58)(59, 66)(60, 
        61)(62, 65)(64, 67)(69, 70)
    (7, 17, 16)(8, 25, 35)(9, 26, 34)(10, 19, 20)(11, 23, 22)(13, 18, 15)(24, 
        29, 30)(27, 31, 32)(42, 52, 51)(43, 60, 70)(44, 61, 69)(45, 54, 55)(46, 
        58, 57)(48, 53, 50)(59, 64, 65)(62, 66, 67)
Group ID:
<24, 14>
Picard rank = 3
================================
Subgroup No.62/69
Permutation group acting on a set of cardinality 70
Order = 36 = 2^2 * 3^2
    (1, 3)(2, 4)(7, 24)(8, 25)(9, 26)(10, 13)(11, 27)(12, 28)(15, 19)(16, 
        29)(17, 30)(18, 20)(22, 31)(23, 32)(36, 38)(37, 39)(42, 59)(43, 60)(44, 
        61)(45, 48)(46, 62)(47, 63)(50, 54)(51, 64)(52, 65)(53, 55)(57, 66)(58, 
        67)
    (1, 2)(3, 4)(5, 6)(7, 22)(8, 9)(10, 18)(11, 17)(13, 20)(14, 21)(15, 19)(16, 
        23)(24, 31)(25, 26)(27, 30)(29, 32)(34, 35)(36, 37)(38, 39)(40, 41)(42, 
        57)(43, 44)(45, 53)(46, 52)(48, 55)(49, 56)(50, 54)(51, 58)(59, 66)(60, 
        61)(62, 65)(64, 67)(69, 70)
    (7, 17, 16)(8, 25, 35)(9, 26, 34)(10, 19, 20)(11, 23, 22)(13, 18, 15)(24, 
        29, 30)(27, 31, 32)(42, 52, 51)(43, 60, 70)(44, 61, 69)(45, 54, 55)(46, 
        58, 57)(48, 53, 50)(59, 64, 65)(62, 66, 67)
    (1, 3, 5)(2, 4, 6)(7, 10, 32)(11, 15, 30)(12, 28, 33)(13, 24, 23)(16, 20, 
        31)(17, 19, 27)(18, 29, 22)(36, 38, 40)(37, 39, 41)(42, 45, 67)(46, 50, 
        65)(47, 63, 68)(48, 59, 58)(51, 55, 66)(52, 54, 62)(53, 64, 57)
Group ID:
<36, 13>
Picard rank = 2
================================
Subgroup No.63/69
Permutation group acting on a set of cardinality 70
Order = 36 = 2^2 * 3^2
    (1, 2)(3, 4)(5, 6)(7, 23)(8, 25)(9, 26)(10, 13)(11, 17)(14, 21)(15, 19)(16, 
        22)(18, 20)(24, 32)(27, 30)(29, 31)(36, 37)(38, 39)(40, 41)(42, 58)(43, 
        60)(44, 61)(45, 48)(46, 52)(49, 56)(50, 54)(51, 57)(53, 55)(59, 67)(62, 
        65)(64, 66)
    (1, 4)(2, 3)(5, 6)(7, 32)(11, 30)(12, 28)(14, 21)(16, 31)(17, 27)(22, 
        29)(23, 24)(36, 39)(37, 38)(40, 41)(42, 67)(46, 65)(47, 63)(49, 56)(51, 
        66)(52, 62)(57, 64)(58, 59)
    (7, 17, 16)(8, 25, 35)(9, 26, 34)(10, 19, 20)(11, 23, 22)(13, 18, 15)(24, 
        29, 30)(27, 31, 32)(42, 52, 51)(43, 60, 70)(44, 61, 69)(45, 54, 55)(46, 
        58, 57)(48, 53, 50)(59, 64, 65)(62, 66, 67)
    (1, 3, 5)(2, 4, 6)(7, 10, 32)(11, 15, 30)(12, 28, 33)(13, 24, 23)(16, 20, 
        31)(17, 19, 27)(18, 29, 22)(36, 38, 40)(37, 39, 41)(42, 45, 67)(46, 50, 
        65)(47, 63, 68)(48, 59, 58)(51, 55, 66)(52, 54, 62)(53, 64, 57)
Group ID:
<36, 10>
Picard rank = 2
================================
Subgroup No.64/69
Permutation group acting on a set of cardinality 70
Order = 36 = 2^2 * 3^2
    (1, 2)(3, 4)(5, 6)(7, 23)(8, 25)(9, 26)(10, 13)(11, 17)(14, 21)(15, 19)(16, 
        22)(18, 20)(24, 32)(27, 30)(29, 31)(36, 37)(38, 39)(40, 41)(42, 58)(43, 
        60)(44, 61)(45, 48)(46, 52)(49, 56)(50, 54)(51, 57)(53, 55)(59, 67)(62, 
        65)(64, 66)
    (1, 3)(2, 4)(7, 29)(8, 9)(10, 18)(11, 27)(12, 28)(13, 20)(15, 19)(16, 
        24)(17, 30)(22, 32)(23, 31)(25, 26)(34, 35)(36, 38)(37, 39)(42, 64)(43, 
        44)(45, 53)(46, 62)(47, 63)(48, 55)(50, 54)(51, 59)(52, 65)(57, 67)(58, 
        66)(60, 61)(69, 70)
    (7, 17, 16)(8, 25, 35)(9, 26, 34)(10, 19, 20)(11, 23, 22)(13, 18, 15)(24, 
        29, 30)(27, 31, 32)(42, 52, 51)(43, 60, 70)(44, 61, 69)(45, 54, 55)(46, 
        58, 57)(48, 53, 50)(59, 64, 65)(62, 66, 67)
    (1, 3, 5)(2, 4, 6)(7, 10, 32)(11, 15, 30)(12, 28, 33)(13, 24, 23)(16, 20, 
        31)(17, 19, 27)(18, 29, 22)(36, 38, 40)(37, 39, 41)(42, 45, 67)(46, 50, 
        65)(47, 63, 68)(48, 59, 58)(51, 55, 66)(52, 54, 62)(53, 64, 57)
Group ID:
<36, 10>
Picard rank = 2
================================
Subgroup No.65/69
Permutation group acting on a set of cardinality 70
Order = 36 = 2^2 * 3^2
    (1, 3)(2, 4)(7, 29)(8, 9)(10, 18)(11, 27)(12, 28)(13, 20)(15, 19)(16, 
        24)(17, 30)(22, 32)(23, 31)(25, 26)(34, 35)(36, 38)(37, 39)(42, 64)(43, 
        44)(45, 53)(46, 62)(47, 63)(48, 55)(50, 54)(51, 59)(52, 65)(57, 67)(58, 
        66)(60, 61)(69, 70)
    (1, 2)(3, 4)(5, 6)(7, 22)(8, 9)(10, 18)(11, 17)(13, 20)(14, 21)(15, 19)(16, 
        23)(24, 31)(25, 26)(27, 30)(29, 32)(34, 35)(36, 37)(38, 39)(40, 41)(42, 
        57)(43, 44)(45, 53)(46, 52)(48, 55)(49, 56)(50, 54)(51, 58)(59, 66)(60, 
        61)(62, 65)(64, 67)(69, 70)
    (7, 17, 16)(8, 25, 35)(9, 26, 34)(10, 19, 20)(11, 23, 22)(13, 18, 15)(24, 
        29, 30)(27, 31, 32)(42, 52, 51)(43, 60, 70)(44, 61, 69)(45, 54, 55)(46, 
        58, 57)(48, 53, 50)(59, 64, 65)(62, 66, 67)
    (1, 3, 5)(2, 4, 6)(7, 10, 32)(11, 15, 30)(12, 28, 33)(13, 24, 23)(16, 20, 
        31)(17, 19, 27)(18, 29, 22)(36, 38, 40)(37, 39, 41)(42, 45, 67)(46, 50, 
        65)(47, 63, 68)(48, 59, 58)(51, 55, 66)(52, 54, 62)(53, 64, 57)
Group ID:
<36, 12>
Picard rank = 2
================================
Subgroup No.66/69
Permutation group acting on a set of cardinality 70
Order = 36 = 2^2 * 3^2
    (7, 16)(8, 26)(9, 25)(10, 20)(13, 18)(22, 23)(24, 29)(31, 32)(34, 35)(42, 
        51)(43, 61)(44, 60)(45, 55)(48, 53)(57, 58)(59, 64)(66, 67)(69, 70)
    (1, 3)(2, 4)(7, 29)(8, 9)(10, 18)(11, 27)(12, 28)(13, 20)(15, 19)(16, 
        24)(17, 30)(22, 32)(23, 31)(25, 26)(34, 35)(36, 38)(37, 39)(42, 64)(43, 
        44)(45, 53)(46, 62)(47, 63)(48, 55)(50, 54)(51, 59)(52, 65)(57, 67)(58, 
        66)(60, 61)(69, 70)
    (7, 17, 16)(8, 25, 35)(9, 26, 34)(10, 19, 20)(11, 23, 22)(13, 18, 15)(24, 
        29, 30)(27, 31, 32)(42, 52, 51)(43, 60, 70)(44, 61, 69)(45, 54, 55)(46, 
        58, 57)(48, 53, 50)(59, 64, 65)(62, 66, 67)
    (1, 3, 5)(2, 4, 6)(7, 10, 32)(11, 15, 30)(12, 28, 33)(13, 24, 23)(16, 20, 
        31)(17, 19, 27)(18, 29, 22)(36, 38, 40)(37, 39, 41)(42, 45, 67)(46, 50, 
        65)(47, 63, 68)(48, 59, 58)(51, 55, 66)(52, 54, 62)(53, 64, 57)
Group ID:
<36, 10>
Picard rank = 3
================================
Subgroup No.67/69
Permutation group acting on a set of cardinality 70
Order = 36 = 2^2 * 3^2
    (7, 16)(8, 26)(9, 25)(10, 20)(13, 18)(22, 23)(24, 29)(31, 32)(34, 35)(42, 
        51)(43, 61)(44, 60)(45, 55)(48, 53)(57, 58)(59, 64)(66, 67)(69, 70)
    (1, 4)(2, 3)(5, 6)(7, 32)(11, 30)(12, 28)(14, 21)(16, 31)(17, 27)(22, 
        29)(23, 24)(36, 39)(37, 38)(40, 41)(42, 67)(46, 65)(47, 63)(49, 56)(51, 
        66)(52, 62)(57, 64)(58, 59)
    (7, 17, 16)(8, 25, 35)(9, 26, 34)(10, 19, 20)(11, 23, 22)(13, 18, 15)(24, 
        29, 30)(27, 31, 32)(42, 52, 51)(43, 60, 70)(44, 61, 69)(45, 54, 55)(46, 
        58, 57)(48, 53, 50)(59, 64, 65)(62, 66, 67)
    (1, 3, 5)(2, 4, 6)(7, 10, 32)(11, 15, 30)(12, 28, 33)(13, 24, 23)(16, 20, 
        31)(17, 19, 27)(18, 29, 22)(36, 38, 40)(37, 39, 41)(42, 45, 67)(46, 50, 
        65)(47, 63, 68)(48, 59, 58)(51, 55, 66)(52, 54, 62)(53, 64, 57)
Group ID:
<36, 10>
Picard rank = 2
================================
Subgroup No.68/69
Permutation group acting on a set of cardinality 70
Order = 36 = 2^2 * 3^2
    (7, 16)(8, 26)(9, 25)(10, 20)(13, 18)(22, 23)(24, 29)(31, 32)(34, 35)(42, 
        51)(43, 61)(44, 60)(45, 55)(48, 53)(57, 58)(59, 64)(66, 67)(69, 70)
    (1, 2)(3, 4)(5, 6)(7, 22)(8, 9)(10, 18)(11, 17)(13, 20)(14, 21)(15, 19)(16, 
        23)(24, 31)(25, 26)(27, 30)(29, 32)(34, 35)(36, 37)(38, 39)(40, 41)(42, 
        57)(43, 44)(45, 53)(46, 52)(48, 55)(49, 56)(50, 54)(51, 58)(59, 66)(60, 
        61)(62, 65)(64, 67)(69, 70)
    (7, 17, 16)(8, 25, 35)(9, 26, 34)(10, 19, 20)(11, 23, 22)(13, 18, 15)(24, 
        29, 30)(27, 31, 32)(42, 52, 51)(43, 60, 70)(44, 61, 69)(45, 54, 55)(46, 
        58, 57)(48, 53, 50)(59, 64, 65)(62, 66, 67)
    (1, 3, 5)(2, 4, 6)(7, 10, 32)(11, 15, 30)(12, 28, 33)(13, 24, 23)(16, 20, 
        31)(17, 19, 27)(18, 29, 22)(36, 38, 40)(37, 39, 41)(42, 45, 67)(46, 50, 
        65)(47, 63, 68)(48, 59, 58)(51, 55, 66)(52, 54, 62)(53, 64, 57)
Group ID:
<36, 12>
Picard rank = 2
================================
Subgroup No.69/69
Permutation group acting on a set of cardinality 70
Order = 72 = 2^3 * 3^2
    (7, 16)(8, 26)(9, 25)(10, 20)(13, 18)(22, 23)(24, 29)(31, 32)(34, 35)(42, 
        51)(43, 61)(44, 60)(45, 55)(48, 53)(57, 58)(59, 64)(66, 67)(69, 70)
    (1, 3)(2, 4)(7, 29)(8, 9)(10, 18)(11, 27)(12, 28)(13, 20)(15, 19)(16, 
        24)(17, 30)(22, 32)(23, 31)(25, 26)(34, 35)(36, 38)(37, 39)(42, 64)(43, 
        44)(45, 53)(46, 62)(47, 63)(48, 55)(50, 54)(51, 59)(52, 65)(57, 67)(58, 
        66)(60, 61)(69, 70)
    (1, 2)(3, 4)(5, 6)(7, 22)(8, 9)(10, 18)(11, 17)(13, 20)(14, 21)(15, 19)(16, 
        23)(24, 31)(25, 26)(27, 30)(29, 32)(34, 35)(36, 37)(38, 39)(40, 41)(42, 
        57)(43, 44)(45, 53)(46, 52)(48, 55)(49, 56)(50, 54)(51, 58)(59, 66)(60, 
        61)(62, 65)(64, 67)(69, 70)
    (7, 17, 16)(8, 25, 35)(9, 26, 34)(10, 19, 20)(11, 23, 22)(13, 18, 15)(24, 
        29, 30)(27, 31, 32)(42, 52, 51)(43, 60, 70)(44, 61, 69)(45, 54, 55)(46, 
        58, 57)(48, 53, 50)(59, 64, 65)(62, 66, 67)
    (1, 3, 5)(2, 4, 6)(7, 10, 32)(11, 15, 30)(12, 28, 33)(13, 24, 23)(16, 20, 
        31)(17, 19, 27)(18, 29, 22)(36, 38, 40)(37, 39, 41)(42, 45, 67)(46, 50, 
        65)(47, 63, 68)(48, 59, 58)(51, 55, 66)(52, 54, 62)(53, 64, 57)
Group ID:
<72, 46>
Picard rank = 2
================================
