deg1_2A3+2A1.txt
(-2)-curves:
[
    ( 1 -1 -1 -1  0  0  0  0  0),
    ( 0  0  0  1 -1  0  0  0  0),
    ( 0  0  0  0  1 -1  0  0  0),
    ( 0  0  0  0  0  0  1 -1  0),
    ( 0  0  0  0  0  0  0  1 -1),
    (-3  1  1  1  1  1  1  1  2),
    ( 0  1 -1  0  0  0  0  0  0),
    ( 1  0  0 -1 -1 -1  0  0  0)
]
# of (-1)-classes = 240
# of (-1)-curves = 11
list of (-1)-curves:
[*
    ( 3 -2  0 -1 -1 -1 -1 -1 -1),
    ( 2  0  0 -1 -1  0 -1 -1 -1),
    ( 4 -2 -1 -1 -1 -1 -2 -2 -1),
    ( 2 -1  0 -1  0  0 -1 -1 -1),
    ( 5 -2 -1 -2 -2 -1 -2 -2 -2),
    ( 3 -1  0 -1 -1 -1 -2 -1 -1),
    ( 2 -1 -1  0  0  0 -1 -1 -1),
    ( 4 -1 -1 -2 -1 -1 -2 -2 -1),
    ( 3 -1 -1 -1 -1  0 -2 -1 -1),
    ( 6 -2 -2 -2 -2 -2 -3 -2 -2),
    ( 4 -1 -1 -1 -1 -1 -2 -2 -2)
*]
The intersection matrix of negative curves:
[-2  1  0  0  0  0  0  0  0  1  0  0  0  1  0  0  0  0  1]
[ 1 -2  1  0  0  0  0  0  0  0  0  1  0  0  0  1  0  0  0]
[ 0  1 -2  0  0  0  0  0  0  1  0  0  1  0  0  0  1  0  0]
[ 0  0  0 -2  1  0  0  0  0  0  0  0  0  1  0  0  1  1  0]
[ 0  0  0  1 -2  1  0  0  0  0  1  0  0  0  0  1  0  0  0]
[ 0  0  0  0  1 -2  0  0  0  0  0  0  1  0  0  0  0  1  1]
[ 0  0  0  0  0  0 -2  0  2  0  1  1  1  1  0  0  0  0  0]
[ 0  0  0  0  0  0  0 -2  0  0  1  1  0  0  2  0  1  0  1]
[ 0  0  0  0  0  0  2  0 -1  1  0  0  0  0  1  1  1  1  1]
[ 1  0  1  0  0  0  0  0  1 -1  1  0  0  0  1  0  0  1  0]
[ 0  0  0  0  1  0  1  1  0  1 -1  0  0  0  0  0  0  0  0]
[ 0  1  0  0  0  0  1  1  0  0  0 -1  0  0  0  0  0  1  0]
[ 0  0  1  0  0  1  1  0  0  0  0  0 -1  0  1  0  0  0  0]
[ 1  0  0  1  0  0  1  0  0  0  0  0  0 -1  1  0  0  0  0]
[ 0  0  0  0  0  0  0  2  1  1  0  0  1  1 -1  1  0  1  0]
[ 0  1  0  0  1  0  0  0  1  0  0  0  0  0  1 -1  0  0  0]
[ 0  0  1  1  0  0  0  1  1  0  0  0  0  0  0  0 -1  0  0]
[ 0  0  0  1  0  1  0  0  1  1  0  1  0  0  1  0  0 -1  0]
[ 1  0  0  0  0  1  0  1  1  0  0  0  0  0  0  0  0  0 -1]
The automorphism group of dual graph:
Permutation group AutoGroup acting on a set of cardinality 38
Order = 8 = 2^3
    (4, 6)(7, 8)(9, 15)(13, 17)(14, 19)(23, 25)(26, 27)(28, 34)(32, 36)(33, 38)
    (1, 3)(4, 6)(13, 14)(17, 19)(20, 22)(23, 25)(32, 33)(36, 38)
    (1, 6)(2, 5)(3, 4)(10, 18)(11, 12)(13, 14)(20, 25)(21, 24)(22, 23)(29, 
        37)(30, 31)(32, 33)
Group ID:
<8, 3>
================================
Subgroup No.1/8
Permutation group acting on a set of cardinality 38
Order = 1
Group ID:
<1, 1>
Picard rank = 9
================================
Subgroup No.2/8
Permutation group acting on a set of cardinality 38
Order = 2
    (1, 3)(4, 6)(13, 14)(17, 19)(20, 22)(23, 25)(32, 33)(36, 38)
Group ID:
<2, 1>
Picard rank = 7
================================
Subgroup No.3/8
Permutation group acting on a set of cardinality 38
Order = 2
    (4, 6)(7, 8)(9, 15)(13, 17)(14, 19)(23, 25)(26, 27)(28, 34)(32, 36)(33, 38)
Group ID:
<2, 1>
Picard rank = 7
================================
Subgroup No.4/8
Permutation group acting on a set of cardinality 38
Order = 2
    (1, 6)(2, 5)(3, 4)(10, 18)(11, 12)(13, 14)(20, 25)(21, 24)(22, 23)(29, 
        37)(30, 31)(32, 33)
Group ID:
<2, 1>
Picard rank = 6
================================
Subgroup No.5/8
Permutation group acting on a set of cardinality 38
Order = 4 = 2^2
    (1, 6, 3, 4)(2, 5)(7, 8)(9, 15)(10, 18)(11, 12)(13, 17, 14, 19)(20, 25, 22, 
        23)(21, 24)(26, 27)(28, 34)(29, 37)(30, 31)(32, 36, 33, 38)
    (1, 3)(4, 6)(13, 14)(17, 19)(20, 22)(23, 25)(32, 33)(36, 38)
Group ID:
<4, 1>
Picard rank = 4
================================
Subgroup No.6/8
Permutation group acting on a set of cardinality 38
Order = 4 = 2^2
    (4, 6)(7, 8)(9, 15)(13, 17)(14, 19)(23, 25)(26, 27)(28, 34)(32, 36)(33, 38)
    (1, 3)(4, 6)(13, 14)(17, 19)(20, 22)(23, 25)(32, 33)(36, 38)
Group ID:
<4, 2>
Picard rank = 6
================================
Subgroup No.7/8
Permutation group acting on a set of cardinality 38
Order = 4 = 2^2
    (1, 6)(2, 5)(3, 4)(10, 18)(11, 12)(13, 14)(20, 25)(21, 24)(22, 23)(29, 
        37)(30, 31)(32, 33)
    (1, 3)(4, 6)(13, 14)(17, 19)(20, 22)(23, 25)(32, 33)(36, 38)
Group ID:
<4, 2>
Picard rank = 5
================================
Subgroup No.8/8
Permutation group acting on a set of cardinality 38
Order = 8 = 2^3
    (4, 6)(7, 8)(9, 15)(13, 17)(14, 19)(23, 25)(26, 27)(28, 34)(32, 36)(33, 38)
    (1, 6)(2, 5)(3, 4)(10, 18)(11, 12)(13, 14)(20, 25)(21, 24)(22, 23)(29, 
        37)(30, 31)(32, 33)
    (1, 3)(4, 6)(13, 14)(17, 19)(20, 22)(23, 25)(32, 33)(36, 38)
Group ID:
<8, 3>
Picard rank = 4
================================
