deg1_A3+3A1.txt
(-2)-curves:
[
    ( 0  0  1 -1  0  0  0  0  0),
    ( 0  0  0  1 -1  0  0  0  0),
    ( 0  0  0  0  1 -1  0  0  0),
    ( 0  0  0  0  0  0  1 -1  0),
    ( 1 -1  0  0  0  0 -1 -1  0),
    ( 2  0 -1 -1 -1 -1 -1 -1  0)
]
# of (-1)-classes = 240
# of (-1)-curves = 31
list of (-1)-curves:
[*
    (0 1 0 0 0 0 0 0 0),
    ( 1 -1 -1  0  0  0  0  0  0),
    ( 4 -2 -2 -2 -1 -1 -1 -1 -1),
    ( 4 -2 -2 -1 -1 -1 -1 -1 -2),
    ( 2  0 -1 -1  0  0 -1 -1 -1),
    ( 2  0 -1 -1 -1  0 -1  0 -1),
    ( 2  0 -1 -1 -1 -1  0  0 -1),
    ( 3 -2 -1 -1 -1 -1 -1  0 -1),
    ( 3  0 -1 -1 -1 -1 -1 -1 -2),
    ( 1 -1  0  0  0  0  0  0 -1),
    ( 1  0 -1 -1  0  0  0  0  0),
    ( 4 -1 -2 -2 -1 -1 -1 -1 -2),
    ( 3 -1 -2 -1 -1  0 -1 -1 -1),
    ( 1  0 -1  0  0  0 -1  0  0),
    ( 4 -1 -2 -1 -1 -1 -2 -1 -2),
    ( 3 -1 -2 -1 -1 -1 -1  0 -1),
    ( 1  0 -1  0  0  0  0  0 -1),
    ( 2 -1 -1 -1  0  0 -1  0 -1),
    (0 0 0 0 0 1 0 0 0),
    ( 2 -1 -1 -1 -1  0  0  0 -1),
    ( 5 -2 -2 -2 -2 -1 -2 -1 -2),
    ( 2 -1 -1 -1 -1  0 -1  0  0),
    ( 3 -1 -1 -1 -1  0 -1 -1 -2),
    ( 5 -2 -2 -2 -2 -2 -1 -1 -2),
    ( 3 -1 -1 -1 -1 -1 -2  0 -1),
    ( 2 -1 -1 -1 -1 -1  0  0  0),
    ( 1  0  0  0  0  0 -1  0 -1),
    (0 0 0 0 0 0 0 1 0),
    ( 3 -1 -1 -1 -1 -1 -1  0 -2),
    (0 0 0 0 0 0 0 0 1),
    ( 6 -2 -2 -2 -2 -2 -2 -2 -3)
*]
The intersection matrix of negative curves:
[-2 1 0 0 0 0 0 1 0 1 0 0 0 0 0 0 0 0 1 1 1 1 1 0 0 0 0 0 0 0 0 0 0 0 0 0 0]
[1 -2 1 0 0 0 0 0 1 0 1 0 0 0 0 0 1 1 0 0 0 0 0 1 0 0 0 0 0 0 0 0 0 0 0 0 0]
[0 1 -2 0 0 0 0 0 0 0 0 1 0 0 0 0 0 0 1 0 0 0 0 0 1 1 1 1 1 0 0 0 0 0 0 0 0]
[0 0 0 -2 0 0 0 0 0 0 0 1 0 1 0 0 0 0 0 1 1 1 0 1 0 0 1 1 0 0 2 0 1 1 1 0 0]
[0 0 0 0 -2 0 1 0 0 0 0 1 2 0 1 0 1 1 0 0 0 1 1 0 0 1 0 0 0 1 0 1 0 1 1 0 0]
[0 0 0 0 0 -2 0 1 0 1 0 0 0 1 0 2 0 0 0 0 0 0 1 1 1 1 0 0 1 0 0 0 1 1 1 0 0]
[0 0 0 0 1 0 -1 1 2 2 0 0 0 2 0 1 0 1 1 0 1 1 0 1 0 1 2 1 1 2 1 1 0 0 1 0 2]
[1 0 0 0 0 1 1 -1 0 0 1 1 1 0 2 0 0 1 0 0 1 0 0 0 0 0 1 0 1 1 1 0 1 0 1 0 2]
[0 1 0 0 0 0 2 0 -1 0 1 1 1 0 2 1 0 0 0 1 1 0 1 0 1 0 0 0 1 0 1 0 2 1 1 1 1]
[1 0 0 0 0 1 2 0 0 -1 1 1 1 0 1 0 1 0 0 1 0 0 0 0 1 0 0 1 0 0 1 1 1 1 0 2 0]
[0 1 0 0 0 0 0 1 1 1 -1 0 1 2 0 1 0 0 0 0 0 1 0 0 0 1 1 1 0 2 1 2 0 1 1 1 1]
[0 0 1 1 1 0 0 1 1 1 0 -1 0 1 0 1 0 0 0 0 0 0 0 0 0 0 0 0 0 1 0 1 0 0 0 1 1]
[0 0 0 0 2 0 0 1 1 1 1 0 -1 1 0 1 0 0 1 1 1 0 0 1 1 0 1 1 1 0 1 0 1 0 0 1 1]
[0 0 0 1 0 1 2 0 0 0 2 1 1 -1 2 0 1 1 1 1 1 0 1 0 1 0 0 0 1 0 0 0 1 0 0 1 1]
[0 0 0 0 1 0 0 2 2 1 0 0 0 2 -1 1 1 0 1 1 0 1 0 1 1 1 1 2 0 1 1 2 0 1 0 2 0]
[0 0 0 0 0 2 1 0 1 0 1 1 1 0 1 -1 1 1 1 1 1 1 0 0 0 0 1 1 0 1 1 1 0 0 0 1 1]
[0 1 0 0 1 0 0 0 0 1 0 0 0 1 1 1 -1 0 0 0 1 0 0 0 0 0 1 0 1 1 1 0 1 0 1 0 2]
[0 1 0 0 1 0 1 1 0 0 0 0 0 1 0 1 0 -1 0 1 0 0 0 0 1 0 0 1 0 0 1 1 1 1 0 2 0]
[1 0 1 0 0 0 1 0 0 0 0 0 1 1 1 1 0 0 -1 0 0 0 0 0 0 0 0 0 0 1 1 1 1 1 1 1 1]
[1 0 0 1 0 0 0 0 1 1 0 0 1 1 1 1 0 1 0 -1 0 0 0 0 0 1 1 0 1 2 0 1 0 0 1 0 2]
[1 0 0 1 0 0 1 1 1 0 0 0 1 1 0 1 1 0 0 0 -1 0 0 0 1 1 0 1 0 1 0 2 0 1 0 2 0]
[1 0 0 1 1 0 1 0 0 0 1 0 0 0 1 1 0 0 0 0 0 -1 0 0 1 0 0 0 1 0 0 0 1 0 0 1 1]
[1 0 0 0 1 1 0 0 1 0 0 0 0 1 0 0 0 0 0 0 0 0 -1 0 0 0 1 1 0 1 1 1 0 0 0 1 1]
[0 1 0 1 0 1 1 0 0 0 0 0 1 0 1 0 0 0 0 0 0 0 0 -1 0 0 0 0 0 1 0 1 0 0 0 1 1]
[0 0 1 0 0 1 0 0 1 1 0 0 1 1 1 0 0 1 0 0 1 1 0 0 -1 0 1 0 0 2 1 1 0 0 1 0 2]
[0 0 1 0 1 1 1 0 0 0 1 0 0 0 1 0 0 0 0 1 1 0 0 0 0 -1 0 0 0 0 1 0 1 0 0 1 1]
[0 0 1 1 0 0 2 1 0 0 1 0 1 0 1 1 1 0 0 1 0 0 1 0 1 0 -1 0 0 0 0 1 1 1 0 2 0]
[0 0 1 1 0 0 1 0 0 1 1 0 1 0 2 1 0 1 0 0 1 0 1 0 0 0 0 -1 1 1 0 0 1 0 1 0 2]
[0 0 1 0 0 1 1 1 1 0 0 0 1 1 0 0 1 0 0 1 0 1 0 0 0 0 0 1 -1 1 1 2 0 1 0 2 0]
[0 0 0 0 1 0 2 1 0 0 2 1 0 0 1 1 1 0 1 2 1 0 1 1 2 0 0 1 1 -1 1 0 2 1 0 2 0]
[0 0 0 2 0 0 1 1 1 1 1 0 1 0 1 1 1 1 1 0 0 0 1 0 1 1 0 0 1 1 -1 1 0 0 0 1 1]
[0 0 0 0 1 0 1 0 0 1 2 1 0 0 2 1 0 1 1 1 2 0 1 1 1 0 1 0 2 0 1 -1 2 0 1 0 2]
[0 0 0 1 0 1 0 1 2 1 0 0 1 1 0 0 1 1 1 0 0 1 0 0 0 1 1 1 0 2 0 2 -1 0 0 1 1]
[0 0 0 1 1 1 0 0 1 1 1 0 0 0 1 0 0 1 1 0 1 0 0 0 0 0 1 0 1 1 0 0 0 -1 0 0 2]
[0 0 0 1 1 1 1 1 1 0 1 0 0 0 0 0 1 0 1 1 0 0 0 0 1 0 0 1 0 0 0 1 0 0 -1 2 0]
[0 0 0 0 0 0 0 0 1 2 1 1 1 1 2 1 0 2 1 0 2 1 1 1 0 1 2 0 2 2 1 0 1 0 2 -1 3]
[0 0 0 0 0 0 2 2 1 0 1 1 1 1 0 1 2 0 1 2 0 1 1 1 2 1 0 2 0 0 1 2 1 2 0 3 -1]
The automorphism group of dual graph:
Permutation group AutoGroup acting on a set of cardinality 74
Order = 8 = 2^3
    (1, 3)(7, 32)(8, 25)(9, 11)(10, 29)(12, 22)(14, 33)(15, 30)(20, 28)(21, 
        27)(23, 26)(38, 40)(44, 69)(45, 62)(46, 48)(47, 66)(49, 59)(51, 70)(52, 
        67)(57, 65)(58, 64)(60, 63)
    (7, 15)(8, 10)(17, 18)(20, 21)(25, 29)(27, 28)(30, 32)(34, 35)(36, 37)(44, 
        52)(45, 47)(54, 55)(57, 58)(62, 66)(64, 65)(67, 69)(71, 72)(73, 74)
    (1, 3)(4, 6)(8, 28)(10, 27)(12, 23)(16, 31)(20, 25)(21, 29)(22, 26)(38, 
        40)(41, 43)(45, 65)(47, 64)(49, 60)(53, 68)(57, 62)(58, 66)(59, 63)
Group ID:
<8, 5>
================================
Subgroup No.1/16
Permutation group acting on a set of cardinality 74
Order = 1
Group ID:
<1, 1>
Picard rank = 9
================================
Subgroup No.2/16
Permutation group acting on a set of cardinality 74
Order = 2
    (1, 3)(4, 6)(8, 28)(10, 27)(12, 23)(16, 31)(20, 25)(21, 29)(22, 26)(38, 
        40)(41, 43)(45, 65)(47, 64)(49, 60)(53, 68)(57, 62)(58, 66)(59, 63)
Group ID:
<2, 1>
Picard rank = 7
================================
Subgroup No.3/16
Permutation group acting on a set of cardinality 74
Order = 2
    (1, 3)(7, 30)(8, 29)(9, 11)(10, 25)(12, 22)(14, 33)(15, 32)(17, 18)(20, 
        27)(21, 28)(23, 26)(34, 35)(36, 37)(38, 40)(44, 67)(45, 66)(46, 48)(47, 
        62)(49, 59)(51, 70)(52, 69)(54, 55)(57, 64)(58, 65)(60, 63)(71, 72)(73, 
        74)
Group ID:
<2, 1>
Picard rank = 6
================================
Subgroup No.4/16
Permutation group acting on a set of cardinality 74
Order = 2
    (4, 6)(7, 32)(8, 20)(9, 11)(10, 21)(12, 26)(14, 33)(15, 30)(16, 31)(22, 
        23)(25, 28)(27, 29)(41, 43)(44, 69)(45, 57)(46, 48)(47, 58)(49, 63)(51, 
        70)(52, 67)(53, 68)(59, 60)(62, 65)(64, 66)
Group ID:
<2, 1>
Picard rank = 7
================================
Subgroup No.5/16
Permutation group acting on a set of cardinality 74
Order = 2
    (4, 6)(7, 30)(8, 21)(9, 11)(10, 20)(12, 26)(14, 33)(15, 32)(16, 31)(17, 
        18)(22, 23)(25, 27)(28, 29)(34, 35)(36, 37)(41, 43)(44, 67)(45, 58)(46, 
        48)(47, 57)(49, 63)(51, 70)(52, 69)(53, 68)(54, 55)(59, 60)(62, 64)(65, 
        66)(71, 72)(73, 74)
Group ID:
<2, 1>
Picard rank = 6
================================
Subgroup No.6/16
Permutation group acting on a set of cardinality 74
Order = 2
    (7, 15)(8, 10)(17, 18)(20, 21)(25, 29)(27, 28)(30, 32)(34, 35)(36, 37)(44, 
        52)(45, 47)(54, 55)(57, 58)(62, 66)(64, 65)(67, 69)(71, 72)(73, 74)
Group ID:
<2, 1>
Picard rank = 8
================================
Subgroup No.7/16
Permutation group acting on a set of cardinality 74
Order = 2
    (1, 3)(4, 6)(7, 15)(8, 27)(10, 28)(12, 23)(16, 31)(17, 18)(20, 29)(21, 
        25)(22, 26)(30, 32)(34, 35)(36, 37)(38, 40)(41, 43)(44, 52)(45, 64)(47, 
        65)(49, 60)(53, 68)(54, 55)(57, 66)(58, 62)(59, 63)(67, 69)(71, 72)(73, 
        74)
Group ID:
<2, 1>
Picard rank = 6
================================
Subgroup No.8/16
Permutation group acting on a set of cardinality 74
Order = 2
    (1, 3)(7, 32)(8, 25)(9, 11)(10, 29)(12, 22)(14, 33)(15, 30)(20, 28)(21, 
        27)(23, 26)(38, 40)(44, 69)(45, 62)(46, 48)(47, 66)(49, 59)(51, 70)(52, 
        67)(57, 65)(58, 64)(60, 63)
Group ID:
<2, 1>
Picard rank = 7
================================
Subgroup No.9/16
Permutation group acting on a set of cardinality 74
Order = 4 = 2^2
    (1, 3)(7, 32)(8, 25)(9, 11)(10, 29)(12, 22)(14, 33)(15, 30)(20, 28)(21, 
        27)(23, 26)(38, 40)(44, 69)(45, 62)(46, 48)(47, 66)(49, 59)(51, 70)(52, 
        67)(57, 65)(58, 64)(60, 63)
    (7, 15)(8, 10)(17, 18)(20, 21)(25, 29)(27, 28)(30, 32)(34, 35)(36, 37)(44, 
        52)(45, 47)(54, 55)(57, 58)(62, 66)(64, 65)(67, 69)(71, 72)(73, 74)
Group ID:
<4, 2>
Picard rank = 6
================================
Subgroup No.10/16
Permutation group acting on a set of cardinality 74
Order = 4 = 2^2
    (4, 6)(7, 32)(8, 20)(9, 11)(10, 21)(12, 26)(14, 33)(15, 30)(16, 31)(22, 
        23)(25, 28)(27, 29)(41, 43)(44, 69)(45, 57)(46, 48)(47, 58)(49, 63)(51, 
        70)(52, 67)(53, 68)(59, 60)(62, 65)(64, 66)
    (7, 15)(8, 10)(17, 18)(20, 21)(25, 29)(27, 28)(30, 32)(34, 35)(36, 37)(44, 
        52)(45, 47)(54, 55)(57, 58)(62, 66)(64, 65)(67, 69)(71, 72)(73, 74)
Group ID:
<4, 2>
Picard rank = 6
================================
Subgroup No.11/16
Permutation group acting on a set of cardinality 74
Order = 4 = 2^2
    (1, 3)(7, 32)(8, 25)(9, 11)(10, 29)(12, 22)(14, 33)(15, 30)(20, 28)(21, 
        27)(23, 26)(38, 40)(44, 69)(45, 62)(46, 48)(47, 66)(49, 59)(51, 70)(52, 
        67)(57, 65)(58, 64)(60, 63)
    (1, 3)(4, 6)(7, 15)(8, 27)(10, 28)(12, 23)(16, 31)(17, 18)(20, 29)(21, 
        25)(22, 26)(30, 32)(34, 35)(36, 37)(38, 40)(41, 43)(44, 52)(45, 64)(47, 
        65)(49, 60)(53, 68)(54, 55)(57, 66)(58, 62)(59, 63)(67, 69)(71, 72)(73, 
        74)
Group ID:
<4, 2>
Picard rank = 5
================================
Subgroup No.12/16
Permutation group acting on a set of cardinality 74
Order = 4 = 2^2
    (4, 6)(7, 32)(8, 20)(9, 11)(10, 21)(12, 26)(14, 33)(15, 30)(16, 31)(22, 
        23)(25, 28)(27, 29)(41, 43)(44, 69)(45, 57)(46, 48)(47, 58)(49, 63)(51, 
        70)(52, 67)(53, 68)(59, 60)(62, 65)(64, 66)
    (1, 3)(4, 6)(7, 15)(8, 27)(10, 28)(12, 23)(16, 31)(17, 18)(20, 29)(21, 
        25)(22, 26)(30, 32)(34, 35)(36, 37)(38, 40)(41, 43)(44, 52)(45, 64)(47, 
        65)(49, 60)(53, 68)(54, 55)(57, 66)(58, 62)(59, 63)(67, 69)(71, 72)(73, 
        74)
Group ID:
<4, 2>
Picard rank = 5
================================
Subgroup No.13/16
Permutation group acting on a set of cardinality 74
Order = 4 = 2^2
    (1, 3)(7, 32)(8, 25)(9, 11)(10, 29)(12, 22)(14, 33)(15, 30)(20, 28)(21, 
        27)(23, 26)(38, 40)(44, 69)(45, 62)(46, 48)(47, 66)(49, 59)(51, 70)(52, 
        67)(57, 65)(58, 64)(60, 63)
    (1, 3)(4, 6)(8, 28)(10, 27)(12, 23)(16, 31)(20, 25)(21, 29)(22, 26)(38, 
        40)(41, 43)(45, 65)(47, 64)(49, 60)(53, 68)(57, 62)(58, 66)(59, 63)
Group ID:
<4, 2>
Picard rank = 6
================================
Subgroup No.14/16
Permutation group acting on a set of cardinality 74
Order = 4 = 2^2
    (1, 3)(7, 30)(8, 29)(9, 11)(10, 25)(12, 22)(14, 33)(15, 32)(17, 18)(20, 
        27)(21, 28)(23, 26)(34, 35)(36, 37)(38, 40)(44, 67)(45, 66)(46, 48)(47, 
        62)(49, 59)(51, 70)(52, 69)(54, 55)(57, 64)(58, 65)(60, 63)(71, 72)(73, 
        74)
    (1, 3)(4, 6)(8, 28)(10, 27)(12, 23)(16, 31)(20, 25)(21, 29)(22, 26)(38, 
        40)(41, 43)(45, 65)(47, 64)(49, 60)(53, 68)(57, 62)(58, 66)(59, 63)
Group ID:
<4, 2>
Picard rank = 5
================================
Subgroup No.15/16
Permutation group acting on a set of cardinality 74
Order = 4 = 2^2
    (7, 15)(8, 10)(17, 18)(20, 21)(25, 29)(27, 28)(30, 32)(34, 35)(36, 37)(44, 
        52)(45, 47)(54, 55)(57, 58)(62, 66)(64, 65)(67, 69)(71, 72)(73, 74)
    (1, 3)(4, 6)(8, 28)(10, 27)(12, 23)(16, 31)(20, 25)(21, 29)(22, 26)(38, 
        40)(41, 43)(45, 65)(47, 64)(49, 60)(53, 68)(57, 62)(58, 66)(59, 63)
Group ID:
<4, 2>
Picard rank = 6
================================
Subgroup No.16/16
Permutation group acting on a set of cardinality 74
Order = 8 = 2^3
    (1, 3)(7, 32)(8, 25)(9, 11)(10, 29)(12, 22)(14, 33)(15, 30)(20, 28)(21, 
        27)(23, 26)(38, 40)(44, 69)(45, 62)(46, 48)(47, 66)(49, 59)(51, 70)(52, 
        67)(57, 65)(58, 64)(60, 63)
    (7, 15)(8, 10)(17, 18)(20, 21)(25, 29)(27, 28)(30, 32)(34, 35)(36, 37)(44, 
        52)(45, 47)(54, 55)(57, 58)(62, 66)(64, 65)(67, 69)(71, 72)(73, 74)
    (1, 3)(4, 6)(8, 28)(10, 27)(12, 23)(16, 31)(20, 25)(21, 29)(22, 26)(38, 
        40)(41, 43)(45, 65)(47, 64)(49, 60)(53, 68)(57, 62)(58, 66)(59, 63)
Group ID:
<8, 5>
Picard rank = 5
================================
