deg1_4A1.txt
(-2)-curves:
[
    ( 0  0  0  1 -1  0  0  0  0),
    ( 0  0  0  0  0  1 -1  0  0),
    ( 0  0  0  0  0  0  0  1 -1),
    ( 2  0  0 -1 -1 -1 -1 -1 -1)
]
# of (-1)-classes = 240
# of (-1)-curves = 77
list of (-1)-curves:
[*
    (0 1 0 0 0 0 0 0 0),
    ( 6 -3 -2 -2 -2 -2 -2 -2 -2),
    ( 3 -2  0 -1 -1 -1 -1 -1 -1),
    ( 3  0 -2 -1 -1 -1 -1 -1 -1),
    ( 1 -1 -1  0  0  0  0  0  0),
    ( 4 -2 -2 -2 -1 -1 -1 -1 -1),
    ( 4 -2 -2 -1 -1 -2 -1 -1 -1),
    ( 4 -2 -2 -1 -1 -1 -1 -2 -1),
    ( 1 -1  0 -1  0  0  0  0  0),
    ( 4 -2 -1 -2 -2 -1 -1 -1 -1),
    ( 2  0 -1  0  0 -1 -1 -1 -1),
    ( 4 -2 -1 -2 -1 -2 -1 -1 -1),
    ( 4 -2 -1 -2 -1 -1 -1 -2 -1),
    ( 3 -2 -1 -1  0 -1 -1 -1 -1),
    ( 2  0 -1 -1  0 -1  0 -1 -1),
    ( 2  0 -1 -1  0 -1 -1 -1  0),
    ( 1 -1  0  0  0 -1  0  0  0),
    ( 4 -2 -1 -1 -1 -2 -2 -1 -1),
    ( 2  0 -1 -1 -1  0  0 -1 -1),
    ( 4 -2 -1 -1 -1 -2 -1 -2 -1),
    ( 3 -2 -1 -1 -1 -1  0 -1 -1),
    ( 2  0 -1 -1 -1 -1  0 -1  0),
    ( 1 -1  0  0  0  0  0 -1  0),
    ( 4 -2 -1 -1 -1 -1 -1 -2 -2),
    ( 2  0 -1 -1 -1 -1 -1  0  0),
    ( 3 -2 -1 -1 -1 -1 -1 -1  0),
    (0 0 1 0 0 0 0 0 0),
    ( 6 -2 -3 -2 -2 -2 -2 -2 -2),
    ( 1  0 -1 -1  0  0  0  0  0),
    ( 4 -1 -2 -2 -2 -1 -1 -1 -1),
    ( 2 -1  0  0  0 -1 -1 -1 -1),
    ( 4 -1 -2 -2 -1 -2 -1 -1 -1),
    ( 4 -1 -2 -2 -1 -1 -1 -2 -1),
    ( 3 -1 -2 -1  0 -1 -1 -1 -1),
    ( 2 -1  0 -1  0 -1  0 -1 -1),
    ( 2 -1  0 -1  0 -1 -1 -1  0),
    ( 1  0 -1  0  0 -1  0  0  0),
    ( 4 -1 -2 -1 -1 -2 -2 -1 -1),
    ( 2 -1  0 -1 -1  0  0 -1 -1),
    ( 4 -1 -2 -1 -1 -2 -1 -2 -1),
    ( 3 -1 -2 -1 -1 -1  0 -1 -1),
    ( 2 -1  0 -1 -1 -1  0 -1  0),
    ( 1  0 -1  0  0  0  0 -1  0),
    ( 4 -1 -2 -1 -1 -1 -1 -2 -2),
    ( 2 -1  0 -1 -1 -1 -1  0  0),
    ( 3 -1 -2 -1 -1 -1 -1 -1  0),
    ( 5 -2 -2 -1 -1 -2 -2 -2 -2),
    ( 3 -1 -1 -2  0 -1 -1 -1 -1),
    ( 1  0  0 -1 -1  0  0  0  0),
    ( 2 -1 -1  0  0 -1  0 -1 -1),
    ( 2 -1 -1  0  0 -1 -1 -1  0),
    ( 1  0  0 -1  0 -1  0  0  0),
    ( 3 -1 -1 -2 -1 -1  0 -1 -1),
    ( 1  0  0 -1  0  0  0 -1  0),
    ( 3 -1 -1 -2 -1 -1 -1 -1  0),
    (0 0 0 0 1 0 0 0 0),
    ( 3 -1 -1 -1  0 -2 -1 -1 -1),
    ( 2 -1 -1 -1  0  0  0 -1 -1),
    ( 5 -2 -2 -2 -1 -2 -1 -2 -2),
    ( 2 -1 -1 -1  0 -1  0 -1  0),
    ( 3 -1 -1 -1  0 -1 -1 -2 -1),
    ( 2 -1 -1 -1  0 -1 -1  0  0),
    ( 5 -2 -2 -2 -1 -2 -2 -2 -1),
    ( 5 -2 -2 -2 -2 -1 -1 -2 -2),
    ( 3 -1 -1 -1 -1 -2  0 -1 -1),
    ( 1  0  0  0  0 -1 -1  0  0),
    ( 2 -1 -1 -1 -1  0  0 -1  0),
    ( 1  0  0  0  0 -1  0 -1  0),
    ( 3 -1 -1 -1 -1 -2 -1 -1  0),
    (0 0 0 0 0 0 1 0 0),
    ( 3 -1 -1 -1 -1 -1  0 -2 -1),
    ( 2 -1 -1 -1 -1 -1  0  0  0),
    ( 5 -2 -2 -2 -2 -2 -1 -2 -1),
    ( 5 -2 -2 -2 -2 -2 -2 -1 -1),
    ( 3 -1 -1 -1 -1 -1 -1 -2  0),
    ( 1  0  0  0  0  0  0 -1 -1),
    (0 0 0 0 0 0 0 0 1)
*]
The intersection matrix of negative curves:
[-2 0 0 0 0 0 0 0 0 1 0 0 1 0 0 1 1 1 1 1 0 0 0 0 0 0 0 0 0 0 0 0 1 0 0 1 1 1 1 
    1 0 0 0 0 0 0 0 0 0 0 0 2 0 0 0 1 1 1 1 1 1 1 1 1 1 1 1 0 0 0 0 0 0 0 0 0 0 
    0 0 0 0]
[0 -2 0 0 0 0 0 0 0 0 1 0 0 0 0 1 0 0 1 0 1 0 0 1 1 1 0 0 0 0 0 0 0 0 0 1 0 0 1 
    0 1 0 0 1 1 1 0 0 0 0 0 0 0 1 0 1 1 0 0 0 1 0 1 1 0 0 0 0 2 0 0 1 1 1 1 1 1 
    0 0 0 0]
[0 0 -2 0 0 0 0 0 0 0 0 1 0 0 0 0 1 0 0 1 0 0 0 1 0 1 1 0 0 1 0 0 0 0 0 0 1 0 0 
    1 0 0 0 1 0 1 1 0 0 1 0 0 0 0 1 0 0 1 1 0 0 0 0 1 1 0 1 0 0 0 1 1 1 0 1 0 1 
    0 2 0 1]
[0 0 0 -2 0 0 0 0 2 1 1 1 1 0 0 0 0 1 0 0 1 0 0 0 1 0 1 0 0 1 0 0 1 0 0 0 0 1 0 
    0 1 0 0 0 1 0 1 0 0 1 0 0 0 1 1 0 0 0 0 1 0 1 0 1 0 1 0 0 0 0 1 0 0 1 0 1 0 
    0 0 0 1]
[0 0 0 0 -1 3 2 0 1 2 2 2 1 2 0 2 2 2 0 0 1 2 0 2 2 0 1 2 0 2 0 2 0 1 1 1 1 1 1 
    1 0 1 1 1 1 1 0 1 1 1 2 1 0 1 1 0 1 0 1 0 1 1 2 1 1 1 2 2 1 0 1 0 1 0 1 1 2 
    2 1 0 0]
[0 0 0 0 3 -1 0 2 1 0 0 0 1 0 2 0 0 0 2 2 1 0 2 0 0 2 1 0 2 0 2 0 2 1 1 1 1 1 1 
    1 2 1 1 1 1 1 2 1 1 1 0 1 2 1 1 2 1 2 1 2 1 1 0 1 1 1 0 0 1 2 1 2 1 2 1 1 0 
    0 1 2 2]
[0 0 0 0 2 0 -1 3 1 1 1 1 0 0 2 0 0 0 2 2 0 0 2 0 0 2 0 0 2 0 0 2 2 2 0 2 2 2 0 
    0 2 2 0 2 2 0 2 2 0 2 1 1 1 1 1 1 1 1 1 1 1 1 1 1 1 1 1 1 1 1 1 1 1 1 1 1 1 
    1 1 1 1]
[0 0 0 0 0 2 3 -1 1 1 1 1 2 2 0 2 2 2 0 0 2 2 0 2 2 0 2 2 0 2 2 0 0 0 2 0 0 0 2 
    2 0 0 2 0 0 2 0 0 2 0 1 1 1 1 1 1 1 1 1 1 1 1 1 1 1 1 1 1 1 1 1 1 1 1 1 1 1 
    1 1 1 1]
[0 0 0 2 1 1 1 1 -1 0 0 0 0 1 1 1 1 0 1 1 0 1 1 1 0 1 0 1 1 0 1 1 0 1 1 1 1 0 1 
    1 0 1 1 1 0 1 0 1 1 0 1 1 1 0 0 1 1 1 1 0 1 0 1 0 1 0 1 1 1 1 0 1 1 0 1 0 1 
    1 1 1 0]
[1 0 0 1 2 0 1 1 0 -1 0 0 0 0 2 0 0 0 1 1 1 1 1 1 0 1 1 1 1 0 2 0 0 0 2 0 0 0 1 
    1 1 1 1 1 0 1 1 1 1 0 1 0 1 1 1 1 0 1 0 1 1 0 0 0 1 0 0 0 1 2 0 2 1 1 1 0 0 
    0 1 2 1]
[0 1 0 1 2 0 1 1 0 0 -1 0 1 1 1 0 1 0 1 1 0 0 2 0 0 1 1 1 1 0 2 0 1 1 1 0 1 0 1 
    1 0 0 2 0 0 1 1 1 1 0 0 1 2 0 0 1 1 2 1 1 0 1 0 0 1 0 0 1 0 1 1 1 0 1 1 0 0 
    0 1 2 1]
[0 0 1 1 2 0 1 1 0 0 0 -1 1 1 1 1 0 0 1 1 1 1 1 0 0 1 0 0 2 0 2 0 1 1 1 1 0 0 1 
    1 1 1 1 0 0 1 0 0 2 0 0 1 2 0 0 2 1 1 1 1 1 0 0 0 0 1 0 0 1 2 0 1 1 1 0 1 0 
    1 0 1 1]
[1 0 0 1 1 1 0 2 0 0 1 1 -1 0 2 0 0 0 1 1 0 1 1 1 0 1 0 1 1 0 0 2 0 1 1 1 1 1 0 
    0 1 2 0 2 1 0 1 2 0 1 2 0 0 1 1 0 0 0 0 0 1 0 1 0 1 0 1 1 1 1 0 1 1 0 1 0 1 
    1 1 1 0]
[0 0 0 0 2 0 0 2 1 0 1 1 0 -1 3 0 0 1 2 2 1 1 1 1 0 1 1 1 1 0 1 1 1 0 2 1 1 2 1 
    1 2 2 0 2 1 0 2 2 0 1 2 1 0 2 2 1 0 1 0 2 2 1 1 1 2 1 1 0 1 2 0 2 1 1 1 0 0 
    0 1 2 1]
[0 0 0 0 0 2 2 0 1 2 1 1 2 3 -1 2 2 1 0 0 1 1 1 1 2 1 1 1 1 2 1 1 1 2 0 1 1 0 1 
    1 0 0 2 0 1 2 0 0 2 1 0 1 2 0 0 1 2 1 2 0 0 1 1 1 0 1 1 2 1 0 2 0 1 1 1 2 2 
    2 1 0 1]
[1 1 0 0 2 0 0 2 1 0 0 1 0 0 2 -1 0 0 1 1 0 0 2 0 0 1 1 1 1 0 1 1 1 1 1 0 1 1 0 
    0 1 1 1 1 1 0 2 2 0 1 1 0 1 1 1 0 0 1 0 1 0 1 0 0 1 0 0 1 0 1 1 1 0 1 1 0 0 
    0 1 2 1]
[1 0 1 0 2 0 0 2 1 0 1 0 0 0 2 0 -1 0 1 1 1 1 1 0 0 1 0 0 2 0 1 1 1 1 1 1 0 1 0 
    0 2 2 0 1 1 0 1 1 1 1 1 0 1 1 1 1 0 0 0 1 1 0 0 0 0 1 0 0 1 2 0 1 1 1 0 1 0 
    1 0 1 1]
[1 0 0 1 2 0 0 2 0 0 0 0 0 1 1 0 0 -1 1 1 0 0 2 0 0 2 0 0 2 0 1 1 1 2 0 1 1 0 0 
    0 1 1 1 1 1 1 1 1 1 1 0 0 2 0 0 1 1 1 1 0 0 0 0 0 0 0 0 1 1 1 1 1 1 1 1 1 1 
    1 1 1 1]
[1 1 0 0 0 2 2 0 1 1 1 1 1 2 0 1 1 1 -1 0 1 2 0 1 1 0 1 1 1 2 1 1 0 1 1 0 0 0 0 
    1 0 1 1 0 0 1 0 0 2 1 1 0 1 0 1 0 0 0 1 0 0 0 0 0 0 1 1 1 0 1 1 0 1 0 0 1 1 
    2 1 0 1]
[1 0 1 0 0 2 2 0 1 1 1 1 1 2 0 1 1 1 0 -1 1 1 1 1 2 0 1 2 0 1 1 1 0 1 1 0 0 0 1 
    0 0 0 2 0 1 1 0 1 1 0 1 0 1 1 0 0 1 0 0 0 0 1 1 0 0 0 0 2 1 0 1 0 0 1 1 1 1 
    1 0 1 0]
[0 1 0 1 1 1 0 2 0 1 0 1 0 1 1 0 1 0 1 1 -1 0 2 0 0 1 0 1 1 0 0 2 1 2 0 1 2 1 0 
    0 0 1 1 1 1 0 1 2 0 1 1 1 1 0 0 0 1 1 1 0 0 1 1 0 1 0 1 2 0 0 1 0 0 0 1 0 1 
    1 1 1 0]
[0 0 0 0 2 0 0 2 1 1 0 1 1 1 1 0 1 0 2 1 0 -1 3 0 1 2 1 1 1 0 1 1 2 2 0 1 2 1 1 
    0 1 0 2 1 2 1 2 2 0 1 0 1 2 1 0 1 2 2 1 1 0 2 1 1 1 0 0 2 1 0 2 1 0 2 2 1 1 
    0 1 2 1]
[0 0 0 0 0 2 2 0 1 1 2 1 1 1 1 2 1 2 0 1 2 3 -1 2 1 0 1 1 1 2 1 1 0 0 2 1 0 1 1 
    2 1 2 0 1 0 1 0 0 2 1 2 1 0 1 2 1 0 0 1 1 2 0 1 1 1 2 2 0 1 2 0 1 2 0 0 1 1 
    2 1 0 1]
[0 1 1 0 2 0 0 2 1 1 0 0 1 1 1 0 0 0 1 1 0 0 2 -1 0 1 0 0 2 0 1 1 2 2 0 1 1 1 0 
    0 1 1 1 0 1 0 1 1 1 1 0 1 2 0 0 1 1 1 1 1 0 1 0 0 0 1 0 1 0 1 1 0 0 1 0 1 0 
    1 0 1 1]
[0 1 0 1 2 0 0 2 0 0 0 0 0 0 2 0 0 0 1 2 0 1 1 0 -1 1 0 0 2 0 1 1 1 1 1 1 1 1 0 
    1 1 2 0 1 0 0 1 1 1 1 1 1 1 0 1 1 0 1 1 1 1 0 0 0 1 1 1 0 0 2 0 1 1 0 0 0 0 
    1 1 1 1]
[0 1 1 0 0 2 2 0 1 1 1 1 1 1 1 1 1 2 0 0 1 2 0 1 1 -1 1 2 0 1 1 1 0 0 2 0 0 1 1 
    1 0 1 1 0 0 0 0 1 1 0 2 1 0 1 1 0 0 0 0 1 1 1 1 0 1 1 1 1 0 1 0 0 0 0 0 0 0 
    1 0 1 0]
[0 0 1 1 1 1 0 2 0 1 1 0 0 1 1 1 0 0 1 1 0 1 1 0 0 1 -1 0 2 0 0 2 1 2 0 2 1 1 0 
    0 1 2 0 1 1 0 0 1 1 1 1 1 1 0 0 1 1 0 1 0 1 0 1 0 0 1 1 1 1 1 0 0 1 0 0 1 1 
    2 0 0 0]
[0 0 0 0 2 0 0 2 1 1 1 0 1 1 1 1 0 0 1 2 1 1 1 0 0 2 0 -1 3 1 1 1 2 2 0 2 1 1 0 
    1 2 2 0 1 1 1 1 0 2 2 0 1 2 0 1 2 1 1 2 1 1 0 0 1 0 2 1 0 1 2 1 1 2 1 0 2 1 
    2 1 0 2]
[0 0 0 0 0 2 2 0 1 1 1 2 1 1 1 1 2 2 1 0 1 1 1 2 2 0 2 3 -1 1 1 1 0 0 2 0 1 1 2 
    1 0 0 2 1 1 1 1 2 0 0 2 1 0 2 1 0 1 1 0 1 1 2 2 1 2 0 1 2 1 0 1 1 0 1 2 0 1 
    0 1 2 0]
[0 0 1 1 2 0 0 2 0 0 0 0 0 0 2 0 0 0 2 1 0 0 2 0 0 1 0 1 1 -1 1 1 1 1 1 1 1 1 1 
    0 1 1 1 1 1 0 1 2 0 0 1 1 1 1 0 1 1 1 0 1 1 1 1 0 1 0 0 1 1 1 0 1 0 1 1 0 0 
    0 0 2 0]
[0 0 0 0 0 2 0 2 1 2 2 2 0 1 1 1 1 1 1 1 0 1 1 1 1 1 0 1 1 1 -1 3 1 2 0 2 2 2 0 
    0 1 2 0 2 2 0 1 2 0 2 2 1 0 1 1 0 1 0 1 0 1 1 2 1 1 1 2 2 1 0 1 0 1 0 1 1 2 
    2 1 0 0]
[0 0 0 0 2 0 2 0 1 0 0 0 2 1 1 1 1 1 1 1 2 1 1 1 1 1 2 1 1 1 3 -1 1 0 2 0 0 0 2 
    2 1 0 2 0 0 2 1 0 2 0 0 1 2 1 1 2 1 2 1 2 1 1 0 1 1 1 0 0 1 2 1 2 1 2 1 1 0 
    0 1 2 2]
[1 0 0 1 0 2 2 0 0 0 1 1 0 1 1 1 1 1 0 0 1 2 0 2 1 0 1 2 0 1 1 1 -1 0 2 0 0 0 1 
    1 0 1 1 1 0 1 0 1 1 0 2 0 0 1 1 0 0 0 0 0 1 0 1 0 1 0 1 1 1 1 0 1 1 0 1 0 1 
    1 1 1 0]
[0 0 0 0 1 1 2 0 1 0 1 1 1 0 2 1 1 2 1 1 2 2 0 2 1 0 2 2 0 1 2 0 0 -1 3 0 0 1 2 
    2 1 1 1 1 0 1 1 1 1 0 2 1 0 2 2 1 0 1 0 2 2 1 1 1 2 1 1 0 1 2 0 2 1 1 1 0 0 
    0 1 2 1]
[0 0 0 0 1 1 0 2 1 2 1 1 1 2 0 1 1 0 1 1 0 0 2 0 1 2 0 0 2 1 0 2 2 3 -1 2 2 1 0 
    0 1 1 1 1 2 1 1 1 1 2 0 1 2 0 0 1 2 1 2 0 0 1 1 1 0 1 1 2 1 0 2 0 1 1 1 2 2 
    2 1 0 1]
[1 1 0 0 1 1 2 0 1 0 0 1 1 1 1 0 1 1 0 0 1 1 1 1 1 0 2 2 0 1 2 0 0 0 2 -1 0 0 1 
    1 0 0 2 0 0 1 1 1 1 0 1 0 1 1 1 0 0 1 0 1 0 1 0 0 1 0 0 1 0 1 1 1 0 1 1 0 0 
    0 1 2 1]
[1 0 1 0 1 1 2 0 1 0 1 0 1 1 1 1 0 1 0 0 2 2 0 1 1 0 1 1 1 1 2 0 0 0 2 0 -1 0 1 
    1 1 1 1 0 0 1 0 0 2 0 1 0 1 1 1 1 0 0 0 1 1 0 0 0 0 1 0 0 1 2 0 1 1 1 0 1 0 
    1 0 1 1]
[1 0 0 1 1 1 2 0 0 0 0 0 1 2 0 1 1 0 0 0 1 1 1 1 1 1 1 1 1 1 2 0 0 1 1 0 0 -1 1 
    1 0 0 2 0 0 2 0 0 2 0 0 0 2 0 0 1 1 1 1 0 0 0 0 0 0 0 0 1 1 1 1 1 1 1 1 1 1 
    1 1 1 1]
[1 1 0 0 1 1 0 2 1 1 1 1 0 1 1 0 0 0 0 1 0 1 1 0 0 1 0 0 2 1 0 2 1 2 0 1 1 1 -1 
    0 1 2 0 1 1 0 1 1 1 2 1 0 1 0 1 0 0 0 1 0 0 0 0 0 0 1 1 1 0 1 1 0 1 0 0 1 1 
    2 1 0 1]
[1 0 1 0 1 1 0 2 1 1 1 1 0 1 1 0 0 0 1 0 0 0 2 0 1 1 0 1 1 0 0 2 1 2 0 1 1 1 0 
    -1 1 1 1 1 2 0 1 2 0 1 1 0 1 1 0 0 1 0 0 0 0 1 1 0 0 0 0 2 1 0 1 0 0 1 1 1 1
    1 0 1 0]
[0 1 0 1 0 2 2 0 0 1 0 1 1 2 0 1 2 1 0 0 0 1 1 1 1 0 1 2 0 1 1 1 0 1 1 0 1 0 1 1
    -1 0 2 0 0 1 0 1 1 0 1 1 1 0 0 0 1 1 1 0 0 1 1 0 1 0 1 2 0 0 1 0 0 0 1 0 1 1
    1 1 0]
[0 0 0 0 1 1 2 0 1 1 0 1 2 2 0 1 2 1 1 0 1 0 2 1 2 1 2 2 0 1 2 0 1 1 1 0 1 0 2 1
    0 -1 3 0 1 2 1 1 1 0 0 1 2 1 0 1 2 2 1 1 0 2 1 1 1 0 0 2 1 0 2 1 0 2 2 1 1 0
    1 2 1]
[0 0 0 0 1 1 0 2 1 1 2 1 0 0 2 1 0 1 1 2 1 2 0 1 0 1 0 0 2 1 0 2 1 1 1 2 1 2 0 1
    2 3 -1 2 1 0 1 1 1 2 2 1 0 1 2 1 0 0 1 1 2 0 1 1 1 2 2 0 1 2 0 1 2 0 0 1 1 2
    1 0 1]
[0 1 1 0 1 1 2 0 1 1 0 0 2 2 0 1 1 1 0 0 1 1 1 0 1 0 1 1 1 1 2 0 1 1 1 0 0 0 1 1
    0 0 2 -1 0 1 0 0 2 0 0 1 2 0 0 1 1 1 1 1 0 1 0 0 0 1 0 1 0 1 1 0 0 1 0 1 0 1
    0 1 1]
[0 1 0 1 1 1 2 0 0 0 0 0 1 1 1 1 1 1 0 1 1 2 0 1 0 0 1 1 1 1 2 0 0 0 2 0 0 0 1 2
    0 1 1 0 -1 1 0 0 2 0 1 1 1 0 1 1 0 1 1 1 1 0 0 0 1 1 1 0 0 2 0 1 1 0 0 0 0 1
    1 1 1]
[0 1 1 0 1 1 0 2 1 1 1 1 0 0 2 0 0 1 1 1 0 1 1 0 0 0 0 1 1 0 0 2 1 1 1 1 1 2 0 0
    1 2 0 1 1 -1 1 2 0 1 2 1 0 1 1 0 0 0 0 1 1 1 1 0 1 1 1 1 0 1 0 0 0 0 0 0 0 1
    0 1 0]
[0 0 1 1 0 2 2 0 0 1 1 0 1 2 0 2 1 1 0 0 1 2 0 1 1 0 0 1 1 1 1 1 0 1 1 1 0 0 1 1
    0 1 1 0 0 1 -1 0 2 0 1 1 1 0 0 1 1 0 1 0 1 0 1 0 0 1 1 1 1 1 0 0 1 0 0 1 1 2
    0 0 0]
[0 0 0 0 1 1 2 0 1 1 1 0 2 2 0 2 1 1 0 1 2 2 0 1 1 1 1 0 2 2 2 0 1 1 1 1 0 0 1 2
    1 1 1 0 0 2 0 -1 3 1 0 1 2 0 1 2 1 1 2 1 1 0 0 1 0 2 1 0 1 2 1 1 2 1 0 2 1 2
    1 0 2]
[0 0 0 0 1 1 0 2 1 1 1 2 0 0 2 0 1 1 2 1 0 0 2 1 1 1 1 2 0 0 0 2 1 1 1 1 2 2 1 0
    1 1 1 2 2 0 2 3 -1 1 2 1 0 2 1 0 1 1 0 1 1 2 2 1 2 0 1 2 1 0 1 1 0 1 2 0 1 0
    1 2 0]
[0 0 1 1 1 1 2 0 0 0 0 0 1 1 1 1 1 1 1 0 1 1 1 1 1 0 1 2 0 0 2 0 0 0 2 0 0 0 2 1
    0 0 2 0 0 1 0 1 1 -1 1 1 1 1 0 1 1 1 0 1 1 1 1 0 1 0 0 1 1 1 0 1 0 1 1 0 0 0
    0 2 0]
[0 0 0 0 2 0 1 1 1 1 0 0 2 2 0 1 1 0 1 1 1 0 2 0 1 2 1 0 2 1 2 0 2 2 0 1 1 0 1 1
    1 0 2 0 1 2 1 0 2 1 -1 1 3 0 0 2 2 2 2 1 0 1 0 1 0 1 0 1 1 1 2 1 1 2 1 2 1 1
    1 1 2]
[2 0 0 0 1 1 1 1 1 0 1 1 0 1 1 0 0 0 0 0 1 1 1 1 1 1 1 1 1 1 1 1 0 1 1 0 0 0 0 0
    1 1 1 1 1 1 1 1 1 1 1 -1 1 1 1 0 0 0 0 0 0 0 0 0 0 0 0 1 1 1 1 1 1 1 1 1 1 1
    1 1 1]
[0 0 0 0 0 2 1 1 1 1 2 2 0 0 2 1 1 2 1 1 1 2 0 2 1 0 1 2 0 1 0 2 0 0 2 1 1 2 1 1
    1 2 0 2 1 0 1 2 0 1 3 1 -1 2 2 0 0 0 0 1 2 1 2 1 2 1 2 1 1 1 0 1 1 0 1 0 1 1
    1 1 0]
[0 1 0 1 1 1 1 1 0 1 0 0 1 2 0 1 1 0 0 1 0 1 1 0 0 1 0 0 2 1 1 1 1 2 0 1 1 0 0 1
    0 1 1 0 0 1 0 0 2 1 0 1 2 -1 0 1 1 1 2 0 0 0 0 0 0 1 1 1 0 1 1 0 1 0 0 1 1 2
    1 0 1]
[0 0 1 1 1 1 1 1 0 1 0 0 1 2 0 1 1 0 1 0 0 0 2 0 1 1 0 1 1 0 1 1 1 2 0 1 1 0 1 0
    0 0 2 0 1 1 0 1 1 0 0 1 2 0 -1 1 2 1 1 0 0 1 1 0 0 0 0 2 1 0 1 0 0 1 1 1 1 1
    0 1 0]
[1 1 0 0 0 2 1 1 1 1 1 2 0 1 1 0 1 1 0 0 0 1 1 1 1 0 1 2 0 1 0 2 0 1 1 0 1 1 0 0
    0 1 1 1 1 0 1 2 0 1 2 0 0 1 1 -1 0 0 0 0 0 1 1 0 1 0 1 2 0 0 1 0 0 0 1 0 1 1
    1 1 0]
[1 1 0 0 1 1 1 1 1 0 1 1 0 0 2 0 0 1 0 1 1 2 0 1 0 0 1 1 1 1 1 1 0 0 2 0 0 1 0 1
    1 2 0 1 0 0 1 1 1 1 2 0 0 1 2 0 -1 0 0 1 1 0 0 0 1 1 1 0 0 2 0 1 1 0 0 0 0 1
    1 1 1]
[1 0 1 0 0 2 1 1 1 1 2 1 0 1 1 1 0 1 0 0 1 2 0 1 1 0 0 1 1 1 0 2 0 1 1 1 0 1 0 0
    1 2 0 1 1 0 0 1 1 1 2 0 0 1 1 0 0 -1 0 0 1 0 1 0 0 1 1 1 1 1 0 0 1 0 0 1 1 2
    0 0 0]
[1 0 1 0 1 1 1 1 1 0 1 1 0 0 2 0 0 1 1 0 1 1 1 1 1 0 1 2 0 0 1 1 0 0 2 0 0 1 1 0
    1 1 1 1 1 0 1 2 0 0 2 0 0 2 1 0 0 0 -1 1 1 1 1 0 1 0 0 1 1 1 0 1 0 1 1 0 0 0
    0 2 0]
[1 0 0 1 0 2 1 1 0 1 1 1 0 2 0 1 1 0 0 0 0 1 1 1 1 1 0 1 1 1 0 2 0 2 0 1 1 0 0 0
    0 1 1 1 1 1 0 1 1 1 1 0 1 0 0 0 1 0 1 -1 0 0 1 0 0 0 1 2 1 0 1 0 1 0 1 1 2 2
    1 0 0]
[1 1 0 0 1 1 1 1 1 1 0 1 1 2 0 0 1 0 0 0 0 0 2 0 1 1 1 1 1 1 1 1 1 2 0 0 1 0 0 0
    0 0 2 0 1 1 1 1 1 1 0 0 2 0 0 0 1 1 1 0 -1 1 0 0 0 0 0 2 0 0 2 0 0 1 1 1 1 1
    1 1 1]
[1 0 0 1 1 1 1 1 0 0 1 0 0 1 1 1 0 0 0 1 1 2 0 1 0 1 0 0 2 1 1 1 0 1 1 1 0 0 0 1
    1 2 0 1 0 1 0 0 2 1 1 0 1 0 1 1 0 0 1 0 1 -1 0 0 0 1 1 0 1 2 0 1 2 0 0 1 1 2
    1 0 1]
[1 1 0 0 2 0 1 1 1 0 0 0 1 1 1 0 0 0 0 1 1 1 1 0 0 1 1 0 2 1 2 0 1 1 1 0 0 0 0 1
    1 1 1 0 0 1 1 0 2 1 0 0 2 0 1 1 0 1 1 1 0 0 -1 0 0 1 0 0 0 2 1 1 1 1 0 1 0 1
    1 1 2]
[1 1 1 1 1 1 1 1 0 0 0 0 0 1 1 0 0 0 0 0 0 1 1 0 0 0 0 1 1 0 1 1 0 1 1 0 0 0 0 0
    0 1 1 0 0 0 0 1 1 0 1 0 1 0 0 0 0 0 0 0 0 0 0 -1 0 0 0 1 0 1 0 0 0 0 0 0 0 1
    0 1 0]
[1 0 1 0 1 1 1 1 1 1 1 0 1 2 0 1 0 0 0 0 1 1 1 0 1 1 0 0 2 1 1 1 1 2 0 1 0 0 0 0
    1 1 1 0 1 1 0 0 2 1 0 0 2 0 0 1 1 0 1 0 0 0 0 0 -1 1 0 1 1 1 1 0 1 1 0 2 1 2
    0 0 1]
[1 0 0 1 1 1 1 1 0 0 0 1 0 1 1 0 1 0 1 0 0 0 2 1 1 1 1 2 0 0 1 1 0 1 1 0 1 0 1 0
    0 0 2 1 1 1 1 2 0 0 1 0 1 1 0 0 1 1 0 0 0 1 1 0 1 -1 0 2 1 0 1 1 0 1 2 0 1 0
    1 2 0]
[1 0 1 0 2 0 1 1 1 0 0 0 1 1 1 0 0 0 1 0 1 0 2 0 1 1 1 1 1 0 2 0 1 1 1 0 0 0 1 0
    1 0 2 0 1 1 1 1 1 0 0 0 2 1 0 1 1 1 0 1 0 1 0 0 0 0 -1 1 1 1 1 1 0 2 1 1 0 0
    0 2 1]
[0 0 0 0 2 0 1 1 1 0 1 0 1 0 2 1 0 1 1 2 2 2 0 1 0 1 1 0 2 1 2 0 1 0 2 1 0 1 1 2
    2 2 0 1 0 1 1 0 2 1 1 1 1 1 2 2 0 1 1 2 2 0 0 1 1 2 1 -1 1 3 0 2 2 1 0 1 0 1
    1 1 2]
[0 2 0 0 1 1 1 1 1 1 0 1 1 1 1 0 1 1 0 1 0 1 1 0 0 0 1 1 1 1 1 1 1 1 1 0 1 1 0 1
    0 1 1 0 0 0 1 1 1 1 1 1 1 0 1 0 0 1 1 1 0 1 0 0 1 1 1 1 -1 1 1 0 0 0 0 0 0 1
    1 1 1]
[0 0 0 0 0 2 1 1 1 2 1 2 1 2 0 1 2 1 1 0 0 0 2 1 2 1 1 2 0 1 0 2 1 2 0 1 2 1 1 0
    0 0 2 1 2 1 1 2 0 1 1 1 1 1 0 0 2 1 1 0 0 2 2 1 1 0 1 3 1 -1 2 0 0 1 2 1 2 1
    1 1 0]
[0 0 1 1 1 1 1 1 0 0 1 0 0 0 2 1 0 1 1 1 1 2 0 1 0 0 0 1 1 0 1 1 0 0 2 1 0 1 1 1
    1 2 0 1 0 0 0 1 1 0 2 1 0 1 1 1 0 0 0 1 2 0 1 0 1 1 1 0 1 2 -1 1 1 0 0 0 0 1
    0 1 0]
[0 1 1 0 0 2 1 1 1 2 1 1 1 2 0 1 1 1 0 0 0 1 1 0 1 0 0 1 1 1 0 2 1 2 0 1 1 1 0 0
    0 1 1 0 1 0 0 1 1 1 1 1 1 0 0 0 1 0 1 0 0 1 1 0 0 1 1 2 0 0 1 -1 0 0 0 1 1 2
    0 0 0]
[0 1 1 0 1 1 1 1 1 1 0 1 1 1 1 0 1 1 1 0 0 0 2 0 1 0 1 2 0 0 1 1 1 1 1 0 1 1 1 0
    0 0 2 0 1 0 1 2 0 0 1 1 1 1 0 0 1 1 0 1 0 2 1 0 1 0 0 2 0 0 1 0 -1 1 1 0 0 0
    0 2 0]
[0 1 0 1 0 2 1 1 0 1 1 1 0 1 1 1 1 1 0 1 0 2 0 1 0 0 0 1 1 1 0 2 0 1 1 1 1 1 0 1
    0 2 0 1 0 0 0 1 1 1 2 1 0 0 1 0 0 0 1 0 1 0 1 0 1 1 2 1 0 1 0 0 1 -1 0 0 1 2
    1 0 0]
[0 1 1 0 1 1 1 1 1 1 1 0 1 1 1 1 0 1 0 1 1 2 0 0 0 0 0 0 2 1 1 1 1 1 1 1 0 1 0 1
    1 2 0 0 0 0 0 0 2 1 1 1 1 0 1 1 0 0 1 1 1 0 0 0 0 2 1 0 0 2 0 0 1 0 -1 1 0 2
    0 0 1]
[0 1 0 1 1 1 1 1 0 0 0 1 0 0 2 0 1 1 1 1 0 1 1 1 0 0 1 2 0 0 1 1 0 0 2 0 1 1 1 1
    0 1 1 1 0 0 1 2 0 0 2 1 0 1 1 0 0 1 0 1 1 1 1 0 2 0 1 1 0 1 0 1 0 0 1 -1 0 0
    1 2 0]
[0 1 1 0 2 0 1 1 1 0 0 0 1 0 2 0 0 1 1 1 1 1 1 0 0 0 1 1 1 0 2 0 1 0 2 0 0 1 1 1
    1 1 1 0 0 0 1 1 1 0 1 1 1 1 1 1 0 1 0 2 1 1 0 0 1 1 0 0 0 2 0 1 0 1 0 0 -1 0
    0 2 1]
[0 0 0 0 2 0 1 1 1 0 0 1 1 0 2 0 1 1 2 1 1 0 2 1 1 1 2 2 0 0 2 0 1 0 2 0 1 1 2 1
    1 0 2 1 1 1 2 2 0 0 1 1 1 2 1 1 1 2 0 2 1 2 1 1 2 0 0 1 1 1 1 2 0 2 2 0 0 -1
    1 3 1]
[0 0 2 0 1 1 1 1 1 1 1 0 1 1 1 1 0 1 1 0 1 1 1 0 1 0 0 1 1 0 1 1 1 1 1 1 0 1 1 0
    1 1 1 0 1 0 0 1 1 0 1 1 1 1 0 1 1 0 0 1 1 1 1 0 0 1 0 1 1 1 0 0 0 1 0 1 0 1 
    -1 1 0]
[0 0 0 0 0 2 1 1 1 2 2 1 1 2 0 2 1 1 0 1 1 2 0 1 1 1 0 0 2 2 0 2 1 2 0 2 1 1 0 1
    1 2 0 1 1 1 0 0 2 2 1 1 1 0 1 1 1 0 2 0 1 0 1 1 0 2 2 1 1 1 1 0 2 0 0 2 2 3 
    1 -1 1]
[0 0 1 1 0 2 1 1 0 1 1 1 0 1 1 1 1 1 1 0 0 1 1 1 1 0 0 2 0 0 0 2 0 1 1 1 1 1 1 0
    0 1 1 1 1 0 0 2 0 0 2 1 0 1 0 0 1 0 0 0 1 1 2 0 1 0 1 2 1 0 0 0 0 0 1 0 1 1 
    0 1 -1]
The automorphism group of dual graph:
Permutation group AutoGroup acting on a set of cardinality 162
Order = 4608 = 2^9 * 3^2
Group ID:
