deg1_A5+A1(21l).txt
(-2)-curves:
[
    ( 0  0  1 -1  0  0  0  0  0),
    ( 0  0  0  1 -1  0  0  0  0),
    ( 0  0  0  0  1 -1  0  0  0),
    ( 0  0  0  0  0  1 -1  0  0),
    ( 0  0  0  0  0  0  1 -1  0),
    ( 2  0 -1 -1 -1 -1 -1 -1  0)
]
# of (-1)-classes = 240
# of (-1)-curves = 21
list of (-1)-curves:
[*
    (0 1 0 0 0 0 0 0 0),
    ( 6 -3 -2 -2 -2 -2 -2 -2 -2),
    ( 1 -1 -1  0  0  0  0  0  0),
    ( 4 -2 -2 -2 -1 -1 -1 -1 -1),
    ( 4 -2 -2 -1 -1 -1 -1 -1 -2),
    ( 2  0 -1 -1 -1 -1  0  0 -1),
    ( 3 -2 -1 -1 -1 -1 -1  0 -1),
    ( 3 -2 -1 -1 -1 -1 -1 -1  0),
    ( 3  0 -1 -1 -1 -1 -1 -1 -2),
    ( 1 -1  0  0  0  0  0  0 -1),
    ( 1  0 -1 -1  0  0  0  0  0),
    ( 4 -1 -2 -2 -1 -1 -1 -1 -2),
    ( 3 -1 -2 -1 -1 -1 -1  0 -1),
    ( 1  0 -1  0  0  0  0  0 -1),
    ( 2 -1 -1 -1 -1  0  0  0 -1),
    ( 5 -2 -2 -2 -2 -2 -1 -1 -2),
    ( 2 -1 -1 -1 -1 -1  0  0  0),
    (0 0 0 0 0 0 0 1 0),
    ( 3 -1 -1 -1 -1 -1 -1  0 -2),
    (0 0 0 0 0 0 0 0 1),
    ( 6 -2 -2 -2 -2 -2 -2 -2 -3)
*]
The intersection matrix of negative curves:
[-2 1 0 0 0 0 0 0 1 0 1 0 0 0 0 0 0 0 1 1 0 0 0 0 0 0 0]
[1 -2 1 0 0 0 0 0 0 1 0 0 0 0 0 0 1 1 0 0 0 0 0 0 0 0 0]
[0 1 -2 1 0 0 0 0 0 0 0 0 0 0 0 0 0 0 0 0 1 0 0 0 0 0 0]
[0 0 1 -2 1 0 0 0 0 0 0 1 0 0 0 0 0 0 0 0 0 1 1 0 0 0 0]
[0 0 0 1 -2 0 0 0 0 0 0 0 1 0 0 0 0 0 1 0 0 0 0 1 1 0 0]
[0 0 0 0 0 -2 0 0 1 0 1 0 1 0 0 2 0 0 0 1 1 0 0 1 1 0 0]
[0 0 0 0 0 0 -1 3 1 2 2 0 2 2 0 1 0 1 1 0 1 2 1 0 1 0 2]
[0 0 0 0 0 0 3 -1 1 0 0 2 0 0 2 1 2 1 1 2 1 0 1 2 1 2 0]
[1 0 0 0 0 1 1 1 -1 0 0 1 0 0 2 0 0 1 0 0 0 1 0 0 1 0 2]
[0 1 0 0 0 0 2 0 0 -1 0 1 0 0 2 1 0 0 0 1 0 0 0 1 1 1 1]
[1 0 0 0 0 1 2 0 0 0 -1 1 0 1 1 0 1 0 0 0 0 0 1 1 0 2 0]
[0 0 0 1 0 0 0 2 1 1 1 -1 1 2 0 1 0 0 0 0 0 0 0 0 0 1 1]
[0 0 0 0 1 1 2 0 0 0 0 1 -1 0 2 0 1 1 0 1 0 0 0 0 0 1 1]
[0 0 0 0 0 0 2 0 0 0 1 2 0 -1 3 1 1 2 1 2 1 1 0 1 2 0 2]
[0 0 0 0 0 0 0 2 2 2 1 0 2 3 -1 1 1 0 1 0 1 1 2 1 0 2 0]
[0 0 0 0 0 2 1 1 0 1 0 1 0 1 1 -1 1 1 1 0 0 1 1 0 0 1 1]
[0 1 0 0 0 0 0 2 0 0 1 0 1 1 1 1 -1 0 0 0 0 1 0 0 1 0 2]
[0 1 0 0 0 0 1 1 1 0 0 0 1 2 0 1 0 -1 0 0 0 0 1 1 0 2 0]
[1 0 0 0 1 0 1 1 0 0 0 0 0 1 1 1 0 0 -1 0 0 0 0 0 0 1 1]
[1 0 0 0 0 1 0 2 0 1 0 0 1 2 0 0 0 0 0 -1 0 1 1 0 0 1 1]
[0 0 1 0 0 1 1 1 0 0 0 0 0 1 1 0 0 0 0 0 -1 0 0 0 0 1 1]
[0 0 0 1 0 0 2 0 1 0 0 0 0 1 1 1 1 0 0 1 0 -1 0 1 0 2 0]
[0 0 0 1 0 0 1 1 0 0 1 0 0 0 2 1 0 1 0 1 0 0 -1 0 1 0 2]
[0 0 0 0 1 1 0 2 0 1 1 0 0 1 1 0 0 1 0 0 0 1 0 -1 0 0 2]
[0 0 0 0 1 1 1 1 1 1 0 0 0 2 0 0 1 0 0 0 0 0 1 0 -1 2 0]
[0 0 0 0 0 0 0 2 0 1 2 1 1 0 2 1 0 2 1 1 1 2 0 0 2 -1 3]
[0 0 0 0 0 0 2 0 2 1 0 1 1 2 0 1 2 0 1 1 1 0 2 2 0 3 -1]
The automorphism group of dual graph:
Permutation group AutoGroup acting on a set of cardinality 54
Order = 12 = 2^2 * 3
    (7, 15)(8, 14)(9, 11)(17, 18)(22, 23)(24, 25)(26, 27)(34, 42)(35, 41)(36, 
        38)(44, 45)(49, 50)(51, 52)(53, 54)
    (7, 26)(8, 27)(9, 20)(10, 18)(12, 23)(13, 25)(14, 15)(34, 53)(35, 54)(36, 
        47)(37, 45)(39, 50)(40, 52)(41, 42)
    (1, 5)(2, 4)(7, 14)(8, 15)(9, 24)(10, 12)(11, 25)(13, 20)(17, 23)(18, 
        22)(28, 32)(29, 31)(34, 41)(35, 42)(36, 51)(37, 39)(38, 52)(40, 47)(44, 
        50)(45, 49)
Group ID:
<12, 4>
================================
Subgroup No.1/10
Permutation group acting on a set of cardinality 54
Order = 1
Group ID:
<1, 1>
Picard rank = 9
================================
Subgroup No.2/10
Permutation group acting on a set of cardinality 54
Order = 2
    (1, 5)(2, 4)(7, 8)(9, 25)(10, 12)(11, 24)(13, 20)(14, 15)(17, 22)(18, 
        23)(26, 27)(28, 32)(29, 31)(34, 35)(36, 52)(37, 39)(38, 51)(40, 47)(41, 
        42)(44, 49)(45, 50)(53, 54)
Group ID:
<2, 1>
Picard rank = 5
================================
Subgroup No.3/10
Permutation group acting on a set of cardinality 54
Order = 2
    (1, 5)(2, 4)(7, 14)(8, 15)(9, 24)(10, 12)(11, 25)(13, 20)(17, 23)(18, 
        22)(28, 32)(29, 31)(34, 41)(35, 42)(36, 51)(37, 39)(38, 52)(40, 47)(44, 
        50)(45, 49)
Group ID:
<2, 1>
Picard rank = 6
================================
Subgroup No.4/10
Permutation group acting on a set of cardinality 54
Order = 2
    (7, 15)(8, 14)(9, 11)(17, 18)(22, 23)(24, 25)(26, 27)(34, 42)(35, 41)(36, 
        38)(44, 45)(49, 50)(51, 52)(53, 54)
Group ID:
<2, 1>
Picard rank = 8
================================
Subgroup No.5/10
Permutation group acting on a set of cardinality 54
Order = 3
    (7, 27, 14)(8, 26, 15)(9, 20, 11)(10, 17, 18)(12, 22, 23)(13, 24, 25)(34, 
        54, 41)(35, 53, 42)(36, 47, 38)(37, 44, 45)(39, 49, 50)(40, 51, 52)
Group ID:
<3, 1>
Picard rank = 7
================================
Subgroup No.6/10
Permutation group acting on a set of cardinality 54
Order = 4 = 2^2
    (7, 15)(8, 14)(9, 11)(17, 18)(22, 23)(24, 25)(26, 27)(34, 42)(35, 41)(36, 
        38)(44, 45)(49, 50)(51, 52)(53, 54)
    (1, 5)(2, 4)(7, 14)(8, 15)(9, 24)(10, 12)(11, 25)(13, 20)(17, 23)(18, 
        22)(28, 32)(29, 31)(34, 41)(35, 42)(36, 51)(37, 39)(38, 52)(40, 47)(44, 
        50)(45, 49)
Group ID:
<4, 2>
Picard rank = 5
================================
Subgroup No.7/10
Permutation group acting on a set of cardinality 54
Order = 6 = 2 * 3
    (1, 5)(2, 4)(7, 8)(9, 25)(10, 12)(11, 24)(13, 20)(14, 15)(17, 22)(18, 
        23)(26, 27)(28, 32)(29, 31)(34, 35)(36, 52)(37, 39)(38, 51)(40, 47)(41, 
        42)(44, 49)(45, 50)(53, 54)
    (7, 27, 14)(8, 26, 15)(9, 20, 11)(10, 17, 18)(12, 22, 23)(13, 24, 25)(34, 
        54, 41)(35, 53, 42)(36, 47, 38)(37, 44, 45)(39, 49, 50)(40, 51, 52)
Group ID:
<6, 2>
Picard rank = 5
================================
Subgroup No.8/10
Permutation group acting on a set of cardinality 54
Order = 6 = 2 * 3
    (1, 5)(2, 4)(7, 14)(8, 15)(9, 24)(10, 12)(11, 25)(13, 20)(17, 23)(18, 
        22)(28, 32)(29, 31)(34, 41)(35, 42)(36, 51)(37, 39)(38, 52)(40, 47)(44, 
        50)(45, 49)
    (7, 27, 14)(8, 26, 15)(9, 20, 11)(10, 17, 18)(12, 22, 23)(13, 24, 25)(34, 
        54, 41)(35, 53, 42)(36, 47, 38)(37, 44, 45)(39, 49, 50)(40, 51, 52)
Group ID:
<6, 1>
Picard rank = 5
================================
Subgroup No.9/10
Permutation group acting on a set of cardinality 54
Order = 6 = 2 * 3
    (7, 15)(8, 14)(9, 11)(17, 18)(22, 23)(24, 25)(26, 27)(34, 42)(35, 41)(36, 
        38)(44, 45)(49, 50)(51, 52)(53, 54)
    (7, 27, 14)(8, 26, 15)(9, 20, 11)(10, 17, 18)(12, 22, 23)(13, 24, 25)(34, 
        54, 41)(35, 53, 42)(36, 47, 38)(37, 44, 45)(39, 49, 50)(40, 51, 52)
Group ID:
<6, 1>
Picard rank = 7
================================
Subgroup No.10/10
Permutation group acting on a set of cardinality 54
Order = 12 = 2^2 * 3
    (7, 15)(8, 14)(9, 11)(17, 18)(22, 23)(24, 25)(26, 27)(34, 42)(35, 41)(36, 
        38)(44, 45)(49, 50)(51, 52)(53, 54)
    (1, 5)(2, 4)(7, 14)(8, 15)(9, 24)(10, 12)(11, 25)(13, 20)(17, 23)(18, 
        22)(28, 32)(29, 31)(34, 41)(35, 42)(36, 51)(37, 39)(38, 52)(40, 47)(44, 
        50)(45, 49)
    (7, 27, 14)(8, 26, 15)(9, 20, 11)(10, 17, 18)(12, 22, 23)(13, 24, 25)(34, 
        54, 41)(35, 53, 42)(36, 47, 38)(37, 44, 45)(39, 49, 50)(40, 51, 52)
Group ID:
<12, 4>
Picard rank = 5
================================
