deg1_A5+A2+A1.txt
(-2)-curves:
[
    ( 0  1 -1  0  0  0  0  0  0),
    ( 0  0  1 -1  0  0  0  0  0),
    ( 0  0  0  1 -1  0  0  0  0),
    ( 0  0  0  0  1 -1  0  0  0),
    ( 0  0  0  0  0  1 -1  0  0),
    ( 0  0  0  0  0  0  0  1 -1),
    ( 3 -1 -1 -1 -1 -1 -1 -2 -1),
    ( 2 -1 -1 -1 -1 -1 -1  0  0)
]
# of (-1)-classes = 240
# of (-1)-curves = 8
list of (-1)-curves:
[*
    ( 1 -1 -1  0  0  0  0  0  0),
    ( 3 -2 -1 -1 -1 -1  0 -1 -1),
    ( 1 -1  0  0  0  0  0 -1  0),
    ( 2 -1 -1 -1  0  0  0 -1 -1),
    ( 2 -1 -1 -1 -1  0  0 -1  0),
    (0 0 0 0 0 0 1 0 0),
    ( 1  0  0  0  0  0  0 -1 -1),
    (0 0 0 0 0 0 0 0 1)
*]
The intersection matrix of negative curves:
[-2  1  0  0  0  0  0  0  0  1  1  0  0  0  0  0]
[ 1 -2  1  0  0  0  0  0  1  0  0  0  0  0  0  0]
[ 0  1 -2  1  0  0  0  0  0  0  0  1  0  0  0  0]
[ 0  0  1 -2  1  0  0  0  0  0  0  0  1  0  0  0]
[ 0  0  0  1 -2  0  0  0  0  1  0  0  0  1  0  0]
[ 0  0  0  0  0 -2  1  0  0  0  1  0  1  0  0  1]
[ 0  0  0  0  0  1 -2  0  1  0  0  0  0  1  0  1]
[ 0  0  0  0  0  0  0 -2  0  0  1  1  0  1  2  0]
[ 0  1  0  0  0  0  1  0 -1  0  0  0  0  0  1  0]
[ 1  0  0  0  1  0  0  0  0 -1  0  0  0  0  1  1]
[ 1  0  0  0  0  1  0  1  0  0 -1  0  0  0  0  0]
[ 0  0  1  0  0  0  0  1  0  0  0 -1  0  0  0  1]
[ 0  0  0  1  0  1  0  0  0  0  0  0 -1  0  1  0]
[ 0  0  0  0  1  0  1  1  0  0  0  0  0 -1  0  0]
[ 0  0  0  0  0  0  0  2  1  1  0  0  1  0 -1  1]
[ 0  0  0  0  0  1  1  0  0  1  0  1  0  0  1 -1]
The automorphism group of dual graph:
Permutation group AutoGroup acting on a set of cardinality 32
Order = 2
    (1, 5)(2, 4)(6, 7)(9, 13)(11, 14)(17, 21)(18, 20)(22, 23)(25, 29)(27, 30)
Group ID:
<2, 1>
================================
Subgroup No.1/2
Permutation group acting on a set of cardinality 32
Order = 1
Group ID:
<1, 1>
Picard rank = 9
================================
Subgroup No.2/2
Permutation group acting on a set of cardinality 32
Order = 2
    (1, 5)(2, 4)(6, 7)(9, 13)(11, 14)(17, 21)(18, 20)(22, 23)(25, 29)(27, 30)
Group ID:
<2, 1>
Picard rank = 6
================================
