deg1_4A2.txt
(-2)-curves:
[
    ( 0  1 -1  0  0  0  0  0  0),
    ( 0  0  1 -1  0  0  0  0  0),
    ( 0  0  0  0  1 -1  0  0  0),
    ( 0  0  0  0  0  1 -1  0  0),
    ( 0  0  0  0  0  0  0  1 -1),
    (-3  1  1  1  1  1  1  1  2),
    ( 1 -1 -1 -1  0  0  0  0  0),
    ( 1  0  0  0 -1 -1 -1  0  0)
]
# of (-1)-classes = 240
# of (-1)-curves = 12
list of (-1)-curves:
[*
    ( 3 -2 -1  0 -1 -1 -1 -1 -1),
    ( 4 -2 -1 -1 -2 -1 -1 -2 -1),
    ( 4 -2 -1 -1 -1 -1 -1 -2 -2),
    ( 2 -1  0  0 -1 -1  0 -1 -1),
    ( 2 -1 -1  0 -1  0  0 -1 -1),
    ( 5 -2 -2 -1 -2 -2 -1 -2 -2),
    ( 3 -1 -1  0 -1 -1 -1 -2 -1),
    ( 3 -1 -1 -1 -2 -1  0 -1 -1),
    ( 4 -1 -1 -1 -2 -1 -1 -2 -2),
    ( 3 -1 -1 -1 -1 -1  0 -2 -1),
    ( 6 -2 -2 -2 -2 -2 -2 -3 -2),
    ( 1  0  0  0  0  0  0 -1 -1)
*]
The intersection matrix of negative curves:
[-2  1  0  0  0  0  0  0  1  1  1  1  0  0  0  0  0  0  0  0]
[ 1 -2  0  0  0  0  0  0  1  0  0  0  1  1  1  0  0  0  0  0]
[ 0  0 -2  1  0  0  0  0  0  1  0  0  1  0  0  1  1  0  0  0]
[ 0  0  1 -2  0  0  0  0  0  0  0  1  0  1  0  1  0  1  0  0]
[ 0  0  0  0 -2  1  0  0  0  1  0  0  0  0  1  0  0  1  1  0]
[ 0  0  0  0  1 -2  0  0  0  0  1  0  0  1  0  0  1  0  1  0]
[ 0  0  0  0  0  0 -2  1  0  0  0  1  0  0  1  0  1  0  0  1]
[ 0  0  0  0  0  0  1 -2  0  0  1  0  1  0  0  0  0  1  0  1]
[ 1  1  0  0  0  0  0  0 -1  0  0  0  0  0  0  1  1  1  1  1]
[ 1  0  1  0  1  0  0  0  0 -1  0  0  0  0  0  0  0  0  0  1]
[ 1  0  0  0  0  1  0  1  0  0 -1  0  0  0  0  1  0  0  0  0]
[ 1  0  0  1  0  0  1  0  0  0  0 -1  0  0  0  0  0  0  1  0]
[ 0  1  1  0  0  0  0  1  0  0  0  0 -1  0  0  0  0  0  1  0]
[ 0  1  0  1  0  1  0  0  0  0  0  0  0 -1  0  0  0  0  0  1]
[ 0  1  0  0  1  0  1  0  0  0  0  0  0  0 -1  1  0  0  0  0]
[ 0  0  1  1  0  0  0  0  1  0  1  0  0  0  1 -1  0  0  1  1]
[ 0  0  1  0  0  1  1  0  1  0  0  0  0  0  0  0 -1  0  0  0]
[ 0  0  0  1  1  0  0  1  1  0  0  0  0  0  0  0  0 -1  0  0]
[ 0  0  0  0  1  1  0  0  1  0  0  1  1  0  0  1  0  0 -1  1]
[ 0  0  0  0  0  0  1  1  1  1  0  0  0  1  0  1  0  0  1 -1]
The automorphism group of dual graph:
Permutation group AutoGroup acting on a set of cardinality 40
Order = 48 = 2^4 * 3
    (1, 6, 8)(2, 5, 7)(9, 19, 20)(10, 17, 13)(12, 14, 18)(21, 26, 28)(22, 25, 
        27)(29, 39, 40)(30, 37, 33)(32, 34, 38)
    (1, 2)(5, 8)(6, 7)(10, 13)(11, 15)(12, 14)(19, 20)(21, 22)(25, 28)(26, 
        27)(30, 33)(31, 35)(32, 34)(39, 40)
    (3, 4)(5, 7)(6, 8)(10, 12)(13, 14)(17, 18)(19, 20)(23, 24)(25, 27)(26, 
        28)(30, 32)(33, 34)(37, 38)(39, 40)
    (1, 3)(2, 4)(7, 8)(9, 16)(11, 17)(12, 13)(15, 18)(21, 23)(22, 24)(27, 
        28)(29, 36)(31, 37)(32, 33)(35, 38)
Group ID:
<48, 29>
================================
Subgroup No.1/16
Permutation group acting on a set of cardinality 40
Order = 1
Group ID:
<1, 1>
Picard rank = 9
================================
Subgroup No.2/16
Permutation group acting on a set of cardinality 40
Order = 2
    (1, 2)(3, 4)(5, 6)(7, 8)(10, 14)(11, 15)(12, 13)(17, 18)(21, 22)(23, 24)(25,
        26)(27, 28)(30, 34)(31, 35)(32, 33)(37, 38)
Group ID:
<2, 1>
Picard rank = 5
================================
Subgroup No.3/16
Permutation group acting on a set of cardinality 40
Order = 2
    (1, 2)(5, 8)(6, 7)(10, 13)(11, 15)(12, 14)(19, 20)(21, 22)(25, 28)(26, 
        27)(30, 33)(31, 35)(32, 34)(39, 40)
Group ID:
<2, 1>
Picard rank = 6
================================
Subgroup No.4/16
Permutation group acting on a set of cardinality 40
Order = 3
    (1, 6, 8)(2, 5, 7)(9, 19, 20)(10, 17, 13)(12, 14, 18)(21, 26, 28)(22, 25, 
        27)(29, 39, 40)(30, 37, 33)(32, 34, 38)
Group ID:
<3, 1>
Picard rank = 5
================================
Subgroup No.5/16
Permutation group acting on a set of cardinality 40
Order = 4 = 2^2
    (1, 3, 2, 4)(5, 8, 6, 7)(9, 16)(10, 13, 14, 12)(11, 17, 15, 18)(19, 20)(21, 
        23, 22, 24)(25, 28, 26, 27)(29, 36)(30, 33, 34, 32)(31, 37, 35, 38)(39, 
        40)
    (1, 2)(3, 4)(5, 6)(7, 8)(10, 14)(11, 15)(12, 13)(17, 18)(21, 22)(23, 24)(25,
        26)(27, 28)(30, 34)(31, 35)(32, 33)(37, 38)
Group ID:
<4, 1>
Picard rank = 3
================================
Subgroup No.6/16
Permutation group acting on a set of cardinality 40
Order = 4 = 2^2
    (1, 2)(5, 8)(6, 7)(10, 13)(11, 15)(12, 14)(19, 20)(21, 22)(25, 28)(26, 
        27)(30, 33)(31, 35)(32, 34)(39, 40)
    (1, 2)(3, 4)(5, 6)(7, 8)(10, 14)(11, 15)(12, 13)(17, 18)(21, 22)(23, 24)(25,
        26)(27, 28)(30, 34)(31, 35)(32, 33)(37, 38)
Group ID:
<4, 2>
Picard rank = 4
================================
Subgroup No.7/16
Permutation group acting on a set of cardinality 40
Order = 6 = 2 * 3
    (3, 4)(5, 7)(6, 8)(10, 12)(13, 14)(17, 18)(19, 20)(23, 24)(25, 27)(26, 
        28)(30, 32)(33, 34)(37, 38)(39, 40)
    (1, 6, 8)(2, 5, 7)(9, 19, 20)(10, 17, 13)(12, 14, 18)(21, 26, 28)(22, 25, 
        27)(29, 39, 40)(30, 37, 33)(32, 34, 38)
Group ID:
<6, 1>
Picard rank = 4
================================
Subgroup No.8/16
Permutation group acting on a set of cardinality 40
Order = 6 = 2 * 3
    (1, 6, 8)(2, 5, 7)(9, 19, 20)(10, 17, 13)(12, 14, 18)(21, 26, 28)(22, 25, 
        27)(29, 39, 40)(30, 37, 33)(32, 34, 38)
    (1, 2)(3, 4)(5, 6)(7, 8)(10, 14)(11, 15)(12, 13)(17, 18)(21, 22)(23, 24)(25,
        26)(27, 28)(30, 34)(31, 35)(32, 33)(37, 38)
Group ID:
<6, 2>
Picard rank = 3
================================
Subgroup No.9/16
Permutation group acting on a set of cardinality 40
Order = 6 = 2 * 3
    (1, 2)(5, 8)(6, 7)(10, 13)(11, 15)(12, 14)(19, 20)(21, 22)(25, 28)(26, 
        27)(30, 33)(31, 35)(32, 34)(39, 40)
    (1, 6, 8)(2, 5, 7)(9, 19, 20)(10, 17, 13)(12, 14, 18)(21, 26, 28)(22, 25, 
        27)(29, 39, 40)(30, 37, 33)(32, 34, 38)
Group ID:
<6, 1>
Picard rank = 4
================================
Subgroup No.10/16
Permutation group acting on a set of cardinality 40
Order = 8 = 2^3
    (1, 3, 2, 4)(5, 8, 6, 7)(9, 16)(10, 13, 14, 12)(11, 17, 15, 18)(19, 20)(21, 
        23, 22, 24)(25, 28, 26, 27)(29, 36)(30, 33, 34, 32)(31, 37, 35, 38)(39, 
        40)
    (1, 8, 2, 7)(3, 5, 4, 6)(9, 20)(10, 18, 14, 17)(11, 13, 15, 12)(16, 19)(21, 
        28, 22, 27)(23, 25, 24, 26)(29, 40)(30, 38, 34, 37)(31, 33, 35, 32)(36, 
        39)
    (1, 2)(3, 4)(5, 6)(7, 8)(10, 14)(11, 15)(12, 13)(17, 18)(21, 22)(23, 24)(25,
        26)(27, 28)(30, 34)(31, 35)(32, 33)(37, 38)
Group ID:
<8, 4>
Picard rank = 2
================================
Subgroup No.11/16
Permutation group acting on a set of cardinality 40
Order = 8 = 2^3
    (1, 7, 3, 5, 2, 8, 4, 6)(9, 20, 16, 19)(10, 15, 13, 18, 14, 11, 12, 17)(21, 
        27, 23, 25, 22, 28, 24, 26)(29, 40, 36, 39)(30, 35, 33, 38, 34, 31, 32, 
        37)
    (1, 3, 2, 4)(5, 8, 6, 7)(9, 16)(10, 13, 14, 12)(11, 17, 15, 18)(19, 20)(21, 
        23, 22, 24)(25, 28, 26, 27)(29, 36)(30, 33, 34, 32)(31, 37, 35, 38)(39, 
        40)
    (1, 2)(3, 4)(5, 6)(7, 8)(10, 14)(11, 15)(12, 13)(17, 18)(21, 22)(23, 24)(25,
        26)(27, 28)(30, 34)(31, 35)(32, 33)(37, 38)
Group ID:
<8, 1>
Picard rank = 2
================================
Subgroup No.12/16
Permutation group acting on a set of cardinality 40
Order = 8 = 2^3
    (1, 2)(5, 8)(6, 7)(10, 13)(11, 15)(12, 14)(19, 20)(21, 22)(25, 28)(26, 
        27)(30, 33)(31, 35)(32, 34)(39, 40)
    (1, 3, 2, 4)(5, 8, 6, 7)(9, 16)(10, 13, 14, 12)(11, 17, 15, 18)(19, 20)(21, 
        23, 22, 24)(25, 28, 26, 27)(29, 36)(30, 33, 34, 32)(31, 37, 35, 38)(39, 
        40)
    (1, 2)(3, 4)(5, 6)(7, 8)(10, 14)(11, 15)(12, 13)(17, 18)(21, 22)(23, 24)(25,
        26)(27, 28)(30, 34)(31, 35)(32, 33)(37, 38)
Group ID:
<8, 3>
Picard rank = 3
================================
Subgroup No.13/16
Permutation group acting on a set of cardinality 40
Order = 12 = 2^2 * 3
    (1, 2)(5, 8)(6, 7)(10, 13)(11, 15)(12, 14)(19, 20)(21, 22)(25, 28)(26, 
        27)(30, 33)(31, 35)(32, 34)(39, 40)
    (1, 6, 8)(2, 5, 7)(9, 19, 20)(10, 17, 13)(12, 14, 18)(21, 26, 28)(22, 25, 
        27)(29, 39, 40)(30, 37, 33)(32, 34, 38)
    (1, 2)(3, 4)(5, 6)(7, 8)(10, 14)(11, 15)(12, 13)(17, 18)(21, 22)(23, 24)(25,
        26)(27, 28)(30, 34)(31, 35)(32, 33)(37, 38)
Group ID:
<12, 4>
Picard rank = 3
================================
Subgroup No.14/16
Permutation group acting on a set of cardinality 40
Order = 16 = 2^4
    (1, 2)(5, 8)(6, 7)(10, 13)(11, 15)(12, 14)(19, 20)(21, 22)(25, 28)(26, 
        27)(30, 33)(31, 35)(32, 34)(39, 40)
    (1, 3, 2, 4)(5, 8, 6, 7)(9, 16)(10, 13, 14, 12)(11, 17, 15, 18)(19, 20)(21, 
        23, 22, 24)(25, 28, 26, 27)(29, 36)(30, 33, 34, 32)(31, 37, 35, 38)(39, 
        40)
    (1, 8, 2, 7)(3, 5, 4, 6)(9, 20)(10, 18, 14, 17)(11, 13, 15, 12)(16, 19)(21, 
        28, 22, 27)(23, 25, 24, 26)(29, 40)(30, 38, 34, 37)(31, 33, 35, 32)(36, 
        39)
    (1, 2)(3, 4)(5, 6)(7, 8)(10, 14)(11, 15)(12, 13)(17, 18)(21, 22)(23, 24)(25,
        26)(27, 28)(30, 34)(31, 35)(32, 33)(37, 38)
Group ID:
<16, 8>
Picard rank = 2
================================
Subgroup No.15/16
Permutation group acting on a set of cardinality 40
Order = 24 = 2^3 * 3
    (1, 6, 8)(2, 5, 7)(9, 19, 20)(10, 17, 13)(12, 14, 18)(21, 26, 28)(22, 25, 
        27)(29, 39, 40)(30, 37, 33)(32, 34, 38)
    (1, 3, 2, 4)(5, 8, 6, 7)(9, 16)(10, 13, 14, 12)(11, 17, 15, 18)(19, 20)(21, 
        23, 22, 24)(25, 28, 26, 27)(29, 36)(30, 33, 34, 32)(31, 37, 35, 38)(39, 
        40)
    (1, 8, 2, 7)(3, 5, 4, 6)(9, 20)(10, 18, 14, 17)(11, 13, 15, 12)(16, 19)(21, 
        28, 22, 27)(23, 25, 24, 26)(29, 40)(30, 38, 34, 37)(31, 33, 35, 32)(36, 
        39)
    (1, 2)(3, 4)(5, 6)(7, 8)(10, 14)(11, 15)(12, 13)(17, 18)(21, 22)(23, 24)(25,
        26)(27, 28)(30, 34)(31, 35)(32, 33)(37, 38)
Group ID:
<24, 3>
Picard rank = 2
================================
Subgroup No.16/16
Permutation group acting on a set of cardinality 40
Order = 48 = 2^4 * 3
    (1, 2)(5, 8)(6, 7)(10, 13)(11, 15)(12, 14)(19, 20)(21, 22)(25, 28)(26, 
        27)(30, 33)(31, 35)(32, 34)(39, 40)
    (1, 6, 8)(2, 5, 7)(9, 19, 20)(10, 17, 13)(12, 14, 18)(21, 26, 28)(22, 25, 
        27)(29, 39, 40)(30, 37, 33)(32, 34, 38)
    (1, 3, 2, 4)(5, 8, 6, 7)(9, 16)(10, 13, 14, 12)(11, 17, 15, 18)(19, 20)(21, 
        23, 22, 24)(25, 28, 26, 27)(29, 36)(30, 33, 34, 32)(31, 37, 35, 38)(39, 
        40)
    (1, 8, 2, 7)(3, 5, 4, 6)(9, 20)(10, 18, 14, 17)(11, 13, 15, 12)(16, 19)(21, 
        28, 22, 27)(23, 25, 24, 26)(29, 40)(30, 38, 34, 37)(31, 33, 35, 32)(36, 
        39)
    (1, 2)(3, 4)(5, 6)(7, 8)(10, 14)(11, 15)(12, 13)(17, 18)(21, 22)(23, 24)(25,
        26)(27, 28)(30, 34)(31, 35)(32, 33)(37, 38)
Group ID:
<48, 29>
Picard rank = 2
================================
