deg1_D5+2A1.txt
(-2)-curves:
[
    ( 1 -1 -1 -1  0  0  0  0  0),
    ( 0  0  1 -1  0  0  0  0  0),
    ( 0  0  0  1 -1  0  0  0  0),
    ( 0  0  0  0  1 -1  0  0  0),
    ( 0  0  0  0  0  1 -1  0  0),
    ( 2  0 -1 -1 -1 -1 -1 -1  0),
    ( 3 -1 -1 -1 -1 -1 -1 -1 -2)
]
# of (-1)-classes = 240
# of (-1)-curves = 12
list of (-1)-curves:
[*
    (0 1 0 0 0 0 0 0 0),
    ( 2  0 -1 -1 -1  0  0 -1 -1),
    ( 2  0 -1 -1 -1 -1  0  0 -1),
    ( 1 -1  0  0  0  0  0 -1  0),
    ( 1 -1  0  0  0  0  0  0 -1),
    ( 1  0 -1  0  0  0  0 -1  0),
    ( 1  0 -1  0  0  0  0  0 -1),
    (0 0 0 0 0 0 1 0 0),
    ( 3 -1 -1 -1 -1 -1  0 -2 -1),
    (0 0 0 0 0 0 0 1 0),
    ( 1  0  0  0  0  0  0 -1 -1),
    (0 0 0 0 0 0 0 0 1)
*]
The intersection matrix of negative curves:
[-2  0  1  0  0  0  0  1  0  0  0  0  0  0  0  0  0  1  0]
[ 0 -2  1  0  0  0  0  0  0  0  0  0  1  1  0  0  0  0  0]
[ 1  1 -2  1  0  0  0  0  0  0  0  0  0  0  0  0  0  0  0]
[ 0  0  1 -2  1  0  0  0  1  0  0  0  0  0  0  0  0  0  0]
[ 0  0  0  1 -2  0  0  0  0  1  0  0  0  0  1  1  0  0  0]
[ 0  0  0  0  0 -2  0  0  0  0  1  2  0  1  1  0  1  1  0]
[ 0  0  0  0  0  0 -2  1  0  0  1  0  1  0  1  0  1  0  2]
[ 1  0  0  0  0  0  1 -1  0  0  1  1  0  0  0  1  0  0  0]
[ 0  0  0  1  0  0  0  0 -1  0  1  1  0  0  0  0  1  0  1]
[ 0  0  0  0  1  0  0  0  0 -1  2  1  1  0  0  1  0  1  1]
[ 0  0  0  0  0  1  1  1  1  2 -1  0  0  1  0  0  1  0  0]
[ 0  0  0  0  0  2  0  1  1  1  0 -1  1  0  0  1  0  0  1]
[ 0  1  0  0  0  0  1  0  0  1  0  1 -1  0  0  0  1  0  0]
[ 0  1  0  0  0  1  0  0  0  0  1  0  0 -1  0  1  0  0  1]
[ 0  0  0  0  1  1  1  0  0  0  0  0  0  0 -1  0  0  0  0]
[ 0  0  0  0  1  0  0  1  0  1  0  1  0  1  0 -1  2  0  1]
[ 0  0  0  0  0  1  1  0  1  0  1  0  1  0  0  2 -1  1  0]
[ 1  0  0  0  0  1  0  0  0  1  0  0  0  0  0  0  1 -1  1]
[ 0  0  0  0  0  0  2  0  1  1  0  1  0  1  0  1  0  1 -1]
The automorphism group of dual graph:
Permutation group AutoGroup acting on a set of cardinality 38
Order = 4 = 2^2
    (6, 7)(8, 18)(10, 16)(11, 17)(12, 19)(13, 14)(25, 26)(27, 37)(29, 35)(30, 
        36)(31, 38)(32, 33)
    (1, 2)(6, 7)(8, 14)(12, 19)(13, 18)(20, 21)(25, 26)(27, 33)(31, 38)(32, 37)
Group ID:
<4, 2>
================================
Subgroup No.1/5
Permutation group acting on a set of cardinality 38
Order = 1
Group ID:
<1, 1>
Picard rank = 9
================================
Subgroup No.2/5
Permutation group acting on a set of cardinality 38
Order = 2
    (6, 7)(8, 18)(10, 16)(11, 17)(12, 19)(13, 14)(25, 26)(27, 37)(29, 35)(30, 
        36)(31, 38)(32, 33)
Group ID:
<2, 1>
Picard rank = 7
================================
Subgroup No.3/5
Permutation group acting on a set of cardinality 38
Order = 2
    (1, 2)(8, 13)(10, 16)(11, 17)(14, 18)(20, 21)(27, 32)(29, 35)(30, 36)(33, 
        37)
Group ID:
<2, 1>
Picard rank = 7
================================
Subgroup No.4/5
Permutation group acting on a set of cardinality 38
Order = 2
    (1, 2)(6, 7)(8, 14)(12, 19)(13, 18)(20, 21)(25, 26)(27, 33)(31, 38)(32, 37)
Group ID:
<2, 1>
Picard rank = 7
================================
Subgroup No.5/5
Permutation group acting on a set of cardinality 38
Order = 4 = 2^2
    (6, 7)(8, 18)(10, 16)(11, 17)(12, 19)(13, 14)(25, 26)(27, 37)(29, 35)(30, 
        36)(31, 38)(32, 33)
    (1, 2)(6, 7)(8, 14)(12, 19)(13, 18)(20, 21)(25, 26)(27, 33)(31, 38)(32, 37)
Group ID:
<4, 2>
Picard rank = 6
================================
