deg1_A3+A2+2A1.txt
(-2)-curves:
[
    ( 1 -1 -1 -1  0  0  0  0  0),
    ( 0  0  0  1 -1  0  0  0  0),
    ( 0  0  0  0  1 -1  0  0  0),
    ( 0  0  0  0  0  0  1 -1  0),
    ( 0  0  0  0  0  0  0  1 -1),
    ( 0  1 -1  0  0  0  0  0  0),
    ( 1  0  0 -1 -1 -1  0  0  0)
]
# of (-1)-classes = 240
# of (-1)-curves = 19
list of (-1)-curves:
[*
    ( 3 -2  0 -1 -1 -1 -1 -1 -1),
    ( 2  0  0 -1 -1  0 -1 -1 -1),
    ( 1 -1  0  0  0  0 -1  0  0),
    ( 4 -2 -1 -1 -1 -1 -2 -2 -1),
    (0 0 1 0 0 0 0 0 0),
    ( 2 -1  0 -1  0  0 -1 -1 -1),
    ( 5 -2 -1 -2 -2 -1 -2 -2 -2),
    ( 2 -1  0 -1 -1  0 -1 -1  0),
    ( 3 -1  0 -1 -1 -1 -2 -1 -1),
    ( 2 -1 -1  0  0  0 -1 -1 -1),
    ( 1  0  0 -1  0  0 -1  0  0),
    ( 4 -1 -1 -2 -1 -1 -2 -2 -1),
    (0 0 0 0 0 1 0 0 0),
    ( 3 -1 -1 -1 -1  0 -2 -1 -1),
    ( 6 -2 -2 -2 -2 -2 -3 -2 -2),
    ( 1  0  0  0  0  0 -1 -1  0),
    ( 4 -1 -1 -1 -1 -1 -2 -2 -2),
    ( 3 -1 -1 -1 -1 -1 -2 -1  0),
    (0 0 0 0 0 0 0 0 1)
*]
The intersection matrix of negative curves:
[-2  1  0  0  0  0  0  0  1  0  0  1  0  0  0  1  0  0  0  0  0  0  1  1  0  0]
[ 1 -2  1  0  0  0  0  0  0  0  0  0  1  0  0  0  0  1  1  0  0  0  0  0  0  0]
[ 0  1 -2  0  0  0  0  0  1  0  0  0  0  1  1  0  0  0  0  1  1  0  0  0  0  0]
[ 0  0  0 -2  1  0  0  0  0  1  0  0  0  0  0  1  0  1  0  0  1  1  0  0  1  0]
[ 0  0  0  1 -2  0  0  0  0  0  1  0  0  0  1  0  0  0  1  0  0  0  1  0  1  1]
[ 0  0  0  0  0 -2  0  2  0  1  1  1  1  1  1  1  0  0  0  0  0  0  0  0  0  0]
[ 0  0  0  0  0  0 -2  0  0  1  1  0  1  0  0  0  2  0  0  1  1  0  1  1  0  0]
[ 0  0  0  0  0  2  0 -1  1  0  0  0  0  0  0  0  1  1  1  1  1  1  1  1  1  1]
[ 1  0  1  0  0  0  0  1 -1  1  1  0  0  0  0  0  1  0  0  0  0  1  0  0  1  1]
[ 0  0  0  1  0  1  1  0  1 -1  0  0  0  1  0  0  0  0  1  0  0  1  0  1  0  0]
[ 0  0  0  0  1  1  1  0  1  0 -1  1  0  0  0  0  0  1  0  1  0  0  0  0  0  1]
[ 1  0  0  0  0  1  0  0  0  0  1 -1  0  1  0  0  1  0  1  0  1  2  0  1  1  0]
[ 0  1  0  0  0  1  1  0  0  0  0  0 -1  0  0  0  0  0  0  0  0  1  0  0  1  1]
[ 0  0  1  0  0  1  0  0  0  1  0  1  0 -1  0  0  1  1  0  1  0  0  1  0  1  2]
[ 0  0  1  0  1  1  0  0  0  0  0  0  0  0 -1  0  1  0  0  0  0  1  0  1  0  0]
[ 1  0  0  1  0  1  0  0  0  0  0  0  0  0  0 -1  1  0  0  1  0  0  0  0  0  1]
[ 0  0  0  0  0  0  2  1  1  0  0  1  0  1  1  1 -1  1  1  0  0  1  0  0  1  1]
[ 0  1  0  1  0  0  0  1  0  0  1  0  0  1  0  0  1 -1  0  0  0  1  0  1  0  0]
[ 0  1  0  0  1  0  0  1  0  1  0  1  0  0  0  0  1  0 -1  1  0  0  0  0  0  1]
[ 0  0  1  0  0  0  1  1  0  0  1  0  0  1  0  1  0  0  1 -1  0  2  0  1  1  0]
[ 0  0  1  1  0  0  1  1  0  0  0  1  0  0  0  0  0  0  0  0 -1  0  0  0  0  1]
[ 0  0  0  1  0  0  0  1  1  1  0  2  1  0  1  0  1  1  0  2  0 -1  1  0  0  2]
[ 1  0  0  0  1  0  1  1  0  0  0  0  0  1  0  0  0  0  0  0  0  1 -1  0  0  0]
[ 1  0  0  0  0  0  1  1  0  1  0  1  0  0  1  0  0  1  0  1  0  0  0 -1  1  2]
[ 0  0  0  1  1  0  0  1  1  0  0  1  1  1  0  0  1  0  0  1  0  0  0  1 -1  0]
[ 0  0  0  0  1  0  0  1  1  0  1  0  1  2  0  1  1  0  1  0  1  2  0  2  0 -1]
The automorphism group of dual graph:
Permutation group AutoGroup acting on a set of cardinality 52
Order = 4 = 2^2
    (1, 3)(4, 5)(10, 11)(12, 14)(15, 16)(18, 19)(20, 24)(21, 23)(22, 26)(27, 
        29)(30, 31)(36, 37)(38, 40)(41, 42)(44, 45)(46, 50)(47, 49)(48, 52)
    (1, 3)(6, 7)(8, 17)(12, 20)(14, 24)(15, 23)(16, 21)(27, 29)(32, 33)(34, 
        43)(38, 46)(40, 50)(41, 49)(42, 47)
Group ID:
<4, 2>
================================
Subgroup No.1/5
Permutation group acting on a set of cardinality 52
Order = 1
Group ID:
<1, 1>
Picard rank = 9
================================
Subgroup No.2/5
Permutation group acting on a set of cardinality 52
Order = 2
    (1, 3)(4, 5)(10, 11)(12, 14)(15, 16)(18, 19)(20, 24)(21, 23)(22, 26)(27, 
        29)(30, 31)(36, 37)(38, 40)(41, 42)(44, 45)(46, 50)(47, 49)(48, 52)
Group ID:
<2, 1>
Picard rank = 6
================================
Subgroup No.3/5
Permutation group acting on a set of cardinality 52
Order = 2
    (4, 5)(6, 7)(8, 17)(10, 11)(12, 24)(14, 20)(15, 21)(16, 23)(18, 19)(22, 
        26)(30, 31)(32, 33)(34, 43)(36, 37)(38, 50)(40, 46)(41, 47)(42, 49)(44, 
        45)(48, 52)
Group ID:
<2, 1>
Picard rank = 6
================================
Subgroup No.4/5
Permutation group acting on a set of cardinality 52
Order = 2
    (1, 3)(6, 7)(8, 17)(12, 20)(14, 24)(15, 23)(16, 21)(27, 29)(32, 33)(34, 
        43)(38, 46)(40, 50)(41, 49)(42, 47)
Group ID:
<2, 1>
Picard rank = 7
================================
Subgroup No.5/5
Permutation group acting on a set of cardinality 52
Order = 4 = 2^2
    (1, 3)(4, 5)(10, 11)(12, 14)(15, 16)(18, 19)(20, 24)(21, 23)(22, 26)(27, 
        29)(30, 31)(36, 37)(38, 40)(41, 42)(44, 45)(46, 50)(47, 49)(48, 52)
    (1, 3)(6, 7)(8, 17)(12, 20)(14, 24)(15, 23)(16, 21)(27, 29)(32, 33)(34, 
        43)(38, 46)(40, 50)(41, 49)(42, 47)
Group ID:
<4, 2>
Picard rank = 5
================================
