deg1_3A2+A1.txt
(-2)-curves:
[
    ( 0  1 -1  0  0  0  0  0  0),
    ( 0  0  1 -1  0  0  0  0  0),
    ( 0  0  0  0  1 -1  0  0  0),
    ( 0  0  0  0  0  1 -1  0  0),
    ( 1 -1 -1 -1  0  0  0  0  0),
    ( 1  0  0  0 -1 -1 -1  0  0),
    ( 0  0  0  0  0  0  0  1 -1)
]
# of (-1)-classes = 240
# of (-1)-curves = 20
list of (-1)-curves:
[*
    ( 3 -2 -1  0 -1 -1 -1 -1 -1),
    ( 1 -1  0  0 -1  0  0  0  0),
    ( 4 -2 -1 -1 -2 -1 -1 -2 -1),
    ( 1 -1  0  0  0  0  0 -1  0),
    ( 4 -2 -1 -1 -1 -1 -1 -2 -2),
    ( 2 -1  0  0 -1 -1  0 -1 -1),
    (0 0 0 1 0 0 0 0 0),
    ( 2 -1 -1  0 -1  0  0 -1 -1),
    ( 5 -2 -2 -1 -2 -2 -1 -2 -2),
    ( 2 -1 -1  0 -1 -1  0 -1  0),
    ( 3 -1 -1  0 -1 -1 -1 -2 -1),
    ( 3 -1 -1 -1 -2 -1  0 -1 -1),
    ( 1  0  0  0 -1  0  0 -1  0),
    ( 4 -1 -1 -1 -2 -1 -1 -2 -2),
    (0 0 0 0 0 0 1 0 0),
    ( 3 -1 -1 -1 -1 -1  0 -2 -1),
    ( 6 -2 -2 -2 -2 -2 -2 -3 -2),
    ( 3 -1 -1 -1 -1 -1 -1 -2  0),
    ( 1  0  0  0  0  0  0 -1 -1),
    (0 0 0 0 0 0 0 0 1)
*]
The intersection matrix of negative curves:
[-2 1 0 0 0 0 0 1 1 1 1 1 1 0 0 0 0 0 0 0 0 0 0 0 0 0 0]
[1 -2 0 0 0 0 0 1 0 0 0 0 0 1 1 1 1 1 0 0 0 0 0 0 0 0 0]
[0 0 -2 1 0 0 0 0 1 1 0 0 0 0 1 0 0 0 1 1 1 0 0 0 0 0 0]
[0 0 1 -2 0 0 0 0 0 0 0 0 1 0 0 1 1 0 1 0 0 1 1 0 0 0 0]
[0 0 0 0 -2 1 0 0 0 0 0 0 1 1 0 0 0 1 0 1 1 0 0 0 0 1 0]
[0 0 0 0 1 -2 0 0 0 0 1 1 0 0 1 0 0 0 0 0 0 1 1 0 0 1 0]
[0 0 0 0 0 0 -2 0 0 1 1 0 0 0 0 0 1 1 0 1 0 0 1 1 2 0 1]
[1 1 0 0 0 0 0 -1 0 0 0 0 0 0 0 0 0 0 1 1 1 1 1 1 1 1 1]
[1 0 1 0 0 0 0 0 -1 0 0 1 0 0 0 1 0 1 0 0 1 0 1 2 1 1 0]
[1 0 1 0 0 0 1 0 0 -1 0 0 0 1 0 0 0 0 0 0 0 1 0 0 0 1 1]
[1 0 0 0 0 1 1 0 0 0 -1 0 0 0 0 1 0 0 1 0 1 0 0 1 0 0 0]
[1 0 0 0 0 1 0 0 1 0 0 -1 0 1 0 0 1 0 1 1 0 1 0 0 1 0 2]
[1 0 0 1 1 0 0 0 0 0 0 0 -1 0 0 0 0 0 0 0 0 0 0 1 1 0 1]
[0 1 0 0 1 0 0 0 0 1 0 1 0 -1 0 1 0 0 1 0 1 0 1 2 1 0 0]
[0 1 1 0 0 1 0 0 0 0 0 0 0 0 -1 0 0 0 0 0 0 0 0 1 1 0 1]
[0 1 0 1 0 0 0 0 1 0 1 0 0 1 0 -1 0 0 0 1 0 1 0 0 1 1 2]
[0 1 0 1 0 0 1 0 0 0 0 1 0 0 0 0 -1 0 0 0 1 0 0 1 0 1 0]
[0 1 0 0 1 0 1 0 1 0 0 0 0 0 0 0 0 -1 1 0 0 1 0 0 0 0 1]
[0 0 1 1 0 0 0 1 0 0 1 1 0 1 0 0 0 1 -1 0 0 0 0 1 1 1 1]
[0 0 1 0 1 0 1 1 0 0 0 1 0 0 0 1 0 0 0 -1 0 0 0 1 0 0 0]
[0 0 1 0 1 0 0 1 1 0 1 0 0 1 0 0 1 0 0 0 -1 1 0 0 1 0 2]
[0 0 0 1 0 1 0 1 0 1 0 1 0 0 0 1 0 1 0 0 1 -1 0 2 1 0 0]
[0 0 0 1 0 1 1 1 1 0 0 0 0 1 0 0 0 0 0 0 0 0 -1 0 0 0 1]
[0 0 0 0 0 0 1 1 2 0 1 0 1 2 1 0 1 0 1 1 0 2 0 -1 0 1 2]
[0 0 0 0 0 0 2 1 1 0 0 1 1 1 1 1 0 0 1 0 1 1 0 0 -1 1 0]
[0 0 0 0 1 1 0 1 1 1 0 0 0 0 0 1 1 0 1 0 0 0 0 1 1 -1 1]
[0 0 0 0 0 0 1 1 0 1 0 2 1 0 1 2 0 1 1 0 2 0 1 2 0 1 -1]
The automorphism group of dual graph:
Permutation group AutoGroup acting on a set of cardinality 54
Order = 12 = 2^2 * 3
    (1, 5, 4)(2, 6, 3)(8, 26, 19)(9, 14, 22)(10, 18, 23)(11, 20, 17)(12, 21, 
        16)(28, 32, 31)(29, 33, 30)(35, 53, 46)(36, 41, 49)(37, 45, 50)(38, 47, 
        44)(39, 48, 43)
    (3, 6)(4, 5)(9, 12)(10, 11)(14, 16)(17, 18)(19, 26)(20, 23)(21, 22)(24, 
        27)(30, 33)(31, 32)(36, 39)(37, 38)(41, 43)(44, 45)(46, 53)(47, 50)(48, 
        49)(51, 54)
    (1, 2)(3, 5)(4, 6)(9, 14)(10, 18)(11, 17)(12, 16)(13, 15)(19, 26)(28, 
        29)(30, 32)(31, 33)(36, 41)(37, 45)(38, 44)(39, 43)(40, 42)(46, 53)
Group ID:
<12, 4>
================================
Subgroup No.1/10
Permutation group acting on a set of cardinality 54
Order = 1
Group ID:
<1, 1>
Picard rank = 9
================================
Subgroup No.2/10
Permutation group acting on a set of cardinality 54
Order = 2
    (1, 2)(3, 4)(5, 6)(9, 16)(10, 17)(11, 18)(12, 14)(13, 15)(20, 23)(21, 
        22)(24, 27)(28, 29)(30, 31)(32, 33)(36, 43)(37, 44)(38, 45)(39, 41)(40, 
        42)(47, 50)(48, 49)(51, 54)
Group ID:
<2, 1>
Picard rank = 5
================================
Subgroup No.3/10
Permutation group acting on a set of cardinality 54
Order = 2
    (1, 2)(3, 5)(4, 6)(9, 14)(10, 18)(11, 17)(12, 16)(13, 15)(19, 26)(28, 
        29)(30, 32)(31, 33)(36, 41)(37, 45)(38, 44)(39, 43)(40, 42)(46, 53)
Group ID:
<2, 1>
Picard rank = 6
================================
Subgroup No.4/10
Permutation group acting on a set of cardinality 54
Order = 2
    (3, 6)(4, 5)(9, 12)(10, 11)(14, 16)(17, 18)(19, 26)(20, 23)(21, 22)(24, 
        27)(30, 33)(31, 32)(36, 39)(37, 38)(41, 43)(44, 45)(46, 53)(47, 50)(48, 
        49)(51, 54)
Group ID:
<2, 1>
Picard rank = 6
================================
Subgroup No.5/10
Permutation group acting on a set of cardinality 54
Order = 3
    (1, 5, 4)(2, 6, 3)(8, 26, 19)(9, 14, 22)(10, 18, 23)(11, 20, 17)(12, 21, 
        16)(28, 32, 31)(29, 33, 30)(35, 53, 46)(36, 41, 49)(37, 45, 50)(38, 47, 
        44)(39, 48, 43)
Group ID:
<3, 1>
Picard rank = 5
================================
Subgroup No.6/10
Permutation group acting on a set of cardinality 54
Order = 4 = 2^2
    (3, 6)(4, 5)(9, 12)(10, 11)(14, 16)(17, 18)(19, 26)(20, 23)(21, 22)(24, 
        27)(30, 33)(31, 32)(36, 39)(37, 38)(41, 43)(44, 45)(46, 53)(47, 50)(48, 
        49)(51, 54)
    (1, 2)(3, 5)(4, 6)(9, 14)(10, 18)(11, 17)(12, 16)(13, 15)(19, 26)(28, 
        29)(30, 32)(31, 33)(36, 41)(37, 45)(38, 44)(39, 43)(40, 42)(46, 53)
Group ID:
<4, 2>
Picard rank = 4
================================
Subgroup No.7/10
Permutation group acting on a set of cardinality 54
Order = 6 = 2 * 3
    (1, 2)(3, 4)(5, 6)(9, 16)(10, 17)(11, 18)(12, 14)(13, 15)(20, 23)(21, 
        22)(24, 27)(28, 29)(30, 31)(32, 33)(36, 43)(37, 44)(38, 45)(39, 41)(40, 
        42)(47, 50)(48, 49)(51, 54)
    (1, 5, 4)(2, 6, 3)(8, 26, 19)(9, 14, 22)(10, 18, 23)(11, 20, 17)(12, 21, 
        16)(28, 32, 31)(29, 33, 30)(35, 53, 46)(36, 41, 49)(37, 45, 50)(38, 47, 
        44)(39, 48, 43)
Group ID:
<6, 2>
Picard rank = 3
================================
Subgroup No.8/10
Permutation group acting on a set of cardinality 54
Order = 6 = 2 * 3
    (1, 2)(3, 5)(4, 6)(9, 14)(10, 18)(11, 17)(12, 16)(13, 15)(19, 26)(28, 
        29)(30, 32)(31, 33)(36, 41)(37, 45)(38, 44)(39, 43)(40, 42)(46, 53)
    (1, 5, 4)(2, 6, 3)(8, 26, 19)(9, 14, 22)(10, 18, 23)(11, 20, 17)(12, 21, 
        16)(28, 32, 31)(29, 33, 30)(35, 53, 46)(36, 41, 49)(37, 45, 50)(38, 47, 
        44)(39, 48, 43)
Group ID:
<6, 1>
Picard rank = 4
================================
Subgroup No.9/10
Permutation group acting on a set of cardinality 54
Order = 6 = 2 * 3
    (3, 6)(4, 5)(9, 12)(10, 11)(14, 16)(17, 18)(19, 26)(20, 23)(21, 22)(24, 
        27)(30, 33)(31, 32)(36, 39)(37, 38)(41, 43)(44, 45)(46, 53)(47, 50)(48, 
        49)(51, 54)
    (1, 5, 4)(2, 6, 3)(8, 26, 19)(9, 14, 22)(10, 18, 23)(11, 20, 17)(12, 21, 
        16)(28, 32, 31)(29, 33, 30)(35, 53, 46)(36, 41, 49)(37, 45, 50)(38, 47, 
        44)(39, 48, 43)
Group ID:
<6, 1>
Picard rank = 4
================================
Subgroup No.10/10
Permutation group acting on a set of cardinality 54
Order = 12 = 2^2 * 3
    (3, 6)(4, 5)(9, 12)(10, 11)(14, 16)(17, 18)(19, 26)(20, 23)(21, 22)(24, 
        27)(30, 33)(31, 32)(36, 39)(37, 38)(41, 43)(44, 45)(46, 53)(47, 50)(48, 
        49)(51, 54)
    (1, 2)(3, 5)(4, 6)(9, 14)(10, 18)(11, 17)(12, 16)(13, 15)(19, 26)(28, 
        29)(30, 32)(31, 33)(36, 41)(37, 45)(38, 44)(39, 43)(40, 42)(46, 53)
    (1, 5, 4)(2, 6, 3)(8, 26, 19)(9, 14, 22)(10, 18, 23)(11, 20, 17)(12, 21, 
        16)(28, 32, 31)(29, 33, 30)(35, 53, 46)(36, 41, 49)(37, 45, 50)(38, 47, 
        44)(39, 48, 43)
Group ID:
<12, 4>
Picard rank = 3
================================
