deg1_A5+2A1.txt
(-2)-curves:
[
    ( 0  0  1 -1  0  0  0  0  0),
    ( 0  0  0  1 -1  0  0  0  0),
    ( 0  0  0  0  1 -1  0  0  0),
    ( 0  0  0  0  0  1 -1  0  0),
    ( 0  0  0  0  0  0  1 -1  0),
    ( 2  0 -1 -1 -1 -1 -1 -1  0),
    ( 3 -1 -1 -1 -1 -1 -1 -1 -2)
]
# of (-1)-classes = 240
# of (-1)-curves = 14
list of (-1)-curves:
[*
    (0 1 0 0 0 0 0 0 0),
    ( 1 -1 -1  0  0  0  0  0  0),
    ( 4 -2 -2 -2 -1 -1 -1 -1 -1),
    ( 2  0 -1 -1 -1 -1  0  0 -1),
    ( 3 -2 -1 -1 -1 -1 -1  0 -1),
    ( 3 -2 -1 -1 -1 -1 -1 -1  0),
    ( 1 -1  0  0  0  0  0  0 -1),
    ( 1  0 -1 -1  0  0  0  0  0),
    ( 3 -1 -2 -1 -1 -1 -1  0 -1),
    ( 1  0 -1  0  0  0  0  0 -1),
    ( 2 -1 -1 -1 -1  0  0  0 -1),
    ( 2 -1 -1 -1 -1 -1  0  0  0),
    (0 0 0 0 0 0 0 1 0),
    (0 0 0 0 0 0 0 0 1)
*]
The intersection matrix of negative curves:
[-2  1  0  0  0  0  0  0  1  0  0  0  0  0  0  1  1  0  0  0  0]
[ 1 -2  1  0  0  0  0  0  0  1  0  0  0  0  1  0  0  0  0  0  0]
[ 0  1 -2  1  0  0  0  0  0  0  0  0  0  0  0  0  0  1  0  0  0]
[ 0  0  1 -2  1  0  0  0  0  0  1  0  0  0  0  0  0  0  1  0  0]
[ 0  0  0  1 -2  0  0  0  0  0  0  1  0  0  0  1  0  0  0  1  0]
[ 0  0  0  0  0 -2  0  0  1  0  0  1  0  2  0  0  1  1  0  1  0]
[ 0  0  0  0  0  0 -2  1  1  0  0  0  1  0  1  0  0  0  1  1  2]
[ 0  0  0  0  0  0  1 -1  1  2  0  2  2  1  0  1  0  1  1  0  0]
[ 1  0  0  0  0  1  1  1 -1  0  1  0  0  0  0  0  0  0  0  0  0]
[ 0  1  0  0  0  0  0  2  0 -1  1  0  0  1  0  0  1  0  0  1  1]
[ 0  0  0  1  0  0  0  0  1  1 -1  1  2  1  0  0  0  0  0  0  1]
[ 0  0  0  0  1  1  0  2  0  0  1 -1  0  0  1  0  1  0  0  0  1]
[ 0  0  0  0  0  0  1  2  0  0  2  0 -1  1  1  1  2  1  0  1  0]
[ 0  0  0  0  0  2  0  1  0  1  1  0  1 -1  1  1  0  0  1  0  1]
[ 0  1  0  0  0  0  1  0  0  0  0  1  1  1 -1  0  0  0  0  0  0]
[ 1  0  0  0  1  0  0  1  0  0  0  0  1  1  0 -1  0  0  0  0  1]
[ 1  0  0  0  0  1  0  0  0  1  0  1  2  0  0  0 -1  0  1  0  1]
[ 0  0  1  0  0  1  0  1  0  0  0  0  1  0  0  0  0 -1  0  0  1]
[ 0  0  0  1  0  0  1  1  0  0  0  0  0  1  0  0  1  0 -1  0  0]
[ 0  0  0  0  1  1  1  0  0  1  0  0  1  0  0  0  0  0  0 -1  0]
[ 0  0  0  0  0  0  2  0  0  1  1  1  0  1  0  1  1  1  0  0 -1]
The automorphism group of dual graph:
Permutation group AutoGroup acting on a set of cardinality 42
Order = 2
    (1, 5)(2, 4)(8, 13)(9, 20)(10, 11)(12, 17)(15, 19)(22, 26)(23, 25)(29, 
        34)(30, 41)(31, 32)(33, 38)(36, 40)
Group ID:
<2, 1>
================================
Subgroup No.1/2
Permutation group acting on a set of cardinality 42
Order = 1
Group ID:
<1, 1>
Picard rank = 9
================================
Subgroup No.2/2
Permutation group acting on a set of cardinality 42
Order = 2
    (1, 5)(2, 4)(8, 13)(9, 20)(10, 11)(12, 17)(15, 19)(22, 26)(23, 25)(29, 
        34)(30, 41)(31, 32)(33, 38)(36, 40)
Group ID:
<2, 1>
Picard rank = 6
================================
