deg1_A3+4A1.txt
(-2)-curves:
[
    ( 1 -1 -1 -1  0  0  0  0  0),
    ( 0  0  0  1 -1  0  0  0  0),
    ( 0  0  1 -1  0  0  0  0  0),
    ( 0  0  0  0  0  1 -1  0  0),
    ( 0  0  0  0  0  0  0  1 -1),
    ( 1 -1  0  0  0 -1 -1  0  0),
    ( 1 -1  0  0  0  0  0 -1 -1)
]
# of (-1)-classes = 240
# of (-1)-curves = 22
list of (-1)-curves:
[*
    (0 1 0 0 0 0 0 0 0),
    ( 3  0 -2 -1 -1 -1 -1 -1 -1),
    ( 2  0 -1  0  0 -1 -1 -1 -1),
    ( 5 -1 -2 -2 -1 -2 -2 -2 -2),
    ( 2  0 -1 -1  0 -1  0 -1 -1),
    ( 2  0 -1 -1  0 -1 -1 -1  0),
    ( 3  0 -1 -1 -1 -2 -1 -1 -1),
    ( 2  0 -1 -1 -1  0  0 -1 -1),
    ( 5 -1 -2 -2 -2 -2 -1 -2 -2),
    ( 2  0 -1 -1 -1 -1  0 -1  0),
    ( 3  0 -1 -1 -1 -1 -1 -2 -1),
    ( 2  0 -1 -1 -1 -1 -1  0  0),
    ( 5 -1 -2 -2 -2 -2 -2 -2 -1),
    ( 1  0 -1  0  0 -1  0  0  0),
    ( 4 -1 -2 -1 -1 -2 -1 -2 -1),
    ( 1  0 -1  0  0  0  0 -1  0),
    (0 0 0 0 1 0 0 0 0),
    ( 3 -1 -1 -1 -1 -2  0 -1 -1),
    ( 1  0  0  0  0 -1  0 -1  0),
    (0 0 0 0 0 0 1 0 0),
    ( 3 -1 -1 -1 -1 -1 -1 -2  0),
    (0 0 0 0 0 0 0 0 1)
*]
The intersection matrix of negative curves:
[-2 1 0 0 0 0 0 1 0 1 0 0 0 1 0 0 0 1 0 0 0 0 0 0 0 1 0 0 0]
[1 -2 1 0 0 0 0 0 0 0 1 1 1 0 0 0 0 0 0 0 0 0 0 1 0 0 0 0 0]
[0 1 -2 0 0 0 0 0 1 1 0 0 0 0 0 0 0 0 0 0 1 1 1 0 0 0 0 0 0]
[0 0 0 -2 0 0 0 0 0 0 0 1 0 1 0 1 1 0 0 0 1 1 0 0 2 1 1 0 0]
[0 0 0 0 -2 0 0 0 0 0 0 0 1 0 0 0 1 1 0 1 0 1 1 0 0 1 0 2 1]
[0 0 0 0 0 -2 0 1 1 0 0 1 0 0 2 1 1 1 0 0 0 0 1 0 0 0 1 0 0]
[0 0 0 0 0 0 -2 1 1 0 0 0 1 1 0 0 1 0 2 1 1 0 0 0 0 0 0 0 1]
[1 0 0 0 0 1 1 -1 0 0 1 0 0 0 0 1 0 0 0 1 0 1 0 0 1 0 0 1 0]
[0 0 1 0 0 1 1 0 -1 0 0 0 0 0 0 0 0 0 0 0 0 0 0 1 1 1 1 1 1]
[1 0 1 0 0 0 0 0 0 -1 0 0 0 0 1 1 1 0 1 1 0 0 0 0 1 0 1 1 1]
[0 1 0 0 0 0 0 1 0 0 -1 0 0 0 1 0 1 0 1 0 1 0 1 1 1 1 2 1 2]
[0 1 0 1 0 1 0 0 0 0 0 -1 0 0 0 0 0 0 1 1 0 0 0 0 0 0 0 1 1]
[0 1 0 0 1 0 1 0 0 0 0 0 -1 0 1 1 0 0 0 0 0 0 0 0 1 0 1 0 0]
[1 0 0 1 0 0 1 0 0 0 0 0 0 -1 1 0 0 0 0 0 0 0 1 1 0 0 1 1 1]
[0 0 0 0 0 2 0 0 0 1 1 0 1 1 -1 0 0 0 1 1 1 1 0 1 1 1 0 1 1]
[0 0 0 1 0 1 0 1 0 1 0 0 1 0 0 -1 0 0 1 0 1 0 1 2 0 1 1 1 2]
[0 0 0 1 1 1 1 0 0 1 1 0 0 0 0 0 -1 0 0 0 0 0 0 1 0 0 0 0 0]
[1 0 0 0 1 1 0 0 0 0 0 0 0 0 0 0 0 -1 1 0 1 0 0 1 1 0 1 0 1]
[0 0 0 0 0 0 2 0 0 1 1 1 0 0 1 1 0 1 -1 0 0 1 1 1 1 1 1 1 0]
[0 0 0 0 1 0 1 1 0 1 0 1 0 0 1 0 0 0 0 -1 1 0 1 2 1 1 2 0 1]
[0 0 1 1 0 0 1 0 0 0 1 0 0 0 1 1 0 1 0 1 -1 0 0 0 0 0 0 1 0]
[0 0 1 1 1 0 0 1 0 0 0 0 0 0 1 0 0 0 1 0 0 -1 0 1 0 0 1 0 1]
[0 0 1 0 1 1 0 0 0 0 1 0 0 1 0 1 0 0 1 1 0 0 -1 0 1 0 0 0 0]
[0 1 0 0 0 0 0 0 1 0 1 0 0 1 1 2 1 1 1 2 0 1 0 -1 1 0 0 1 0]
[0 0 0 2 0 0 0 1 1 1 1 0 1 0 1 0 0 1 1 1 0 0 1 1 -1 0 0 1 1]
[1 0 0 1 1 0 0 0 1 0 1 0 0 0 1 1 0 0 1 1 0 0 0 0 0 -1 0 0 0]
[0 0 0 1 0 1 0 0 1 1 2 0 1 1 0 1 0 1 1 2 0 1 0 0 0 0 -1 1 0]
[0 0 0 0 2 0 0 1 1 1 1 1 0 1 1 1 0 0 1 0 1 0 0 1 1 0 1 -1 0]
[0 0 0 0 1 0 1 0 1 1 2 1 0 1 1 2 0 1 0 1 0 1 0 0 1 0 0 0 -1]
The automorphism group of dual graph:
Permutation group AutoGroup acting on a set of cardinality 58
Order = 16 = 2^4
    (1, 3)(5, 7)(8, 23)(9, 18)(14, 22)(19, 28)(21, 26)(30, 32)(34, 36)(37, 
        52)(38, 47)(43, 51)(48, 57)(50, 55)
    (1, 3)(4, 6)(8, 21)(9, 14)(15, 25)(18, 22)(23, 26)(30, 32)(33, 35)(37, 
        50)(38, 43)(44, 54)(47, 51)(52, 55)
    (1, 3)(4, 5, 6, 7)(8, 21, 26, 23)(9, 14, 22, 18)(12, 13)(15, 19, 25, 28)(16,
        20)(27, 29)(30, 32)(33, 34, 35, 36)(37, 50, 55, 52)(38, 43, 51, 47)(41, 
        42)(44, 48, 54, 57)(45, 49)(56, 58)
    (1, 3)(8, 9)(11, 24)(14, 21)(16, 27)(18, 23)(20, 29)(22, 26)(30, 32)(37, 
        38)(40, 53)(43, 50)(45, 56)(47, 52)(49, 58)(51, 55)
Group ID:
<16, 11>
================================
Subgroup No.1/27
Permutation group acting on a set of cardinality 58
Order = 1
Group ID:
<1, 1>
Picard rank = 9
================================
Subgroup No.2/27
Permutation group acting on a set of cardinality 58
Order = 2
    (1, 3)(4, 6)(5, 7)(8, 22)(9, 26)(11, 24)(14, 23)(15, 25)(16, 27)(18, 21)(19,
        28)(20, 29)(30, 32)(33, 35)(34, 36)(37, 51)(38, 55)(40, 53)(43, 52)(44, 
        54)(45, 56)(47, 50)(48, 57)(49, 58)
Group ID:
<2, 1>
Picard rank = 5
================================
Subgroup No.3/27
Permutation group acting on a set of cardinality 58
Order = 2
    (1, 3)(8, 9)(11, 24)(14, 21)(16, 27)(18, 23)(20, 29)(22, 26)(30, 32)(37, 
        38)(40, 53)(43, 50)(45, 56)(47, 52)(49, 58)(51, 55)
Group ID:
<2, 1>
Picard rank = 7
================================
Subgroup No.4/27
Permutation group acting on a set of cardinality 58
Order = 2
    (4, 6)(5, 7)(8, 26)(9, 22)(14, 18)(15, 25)(19, 28)(21, 23)(33, 35)(34, 
        36)(37, 55)(38, 51)(43, 47)(44, 54)(48, 57)(50, 52)
Group ID:
<2, 1>
Picard rank = 7
================================
Subgroup No.5/27
Permutation group acting on a set of cardinality 58
Order = 2
    (4, 5)(6, 7)(12, 13)(14, 18)(15, 19)(16, 20)(21, 23)(25, 28)(27, 29)(33, 
        34)(35, 36)(41, 42)(43, 47)(44, 48)(45, 49)(50, 52)(54, 57)(56, 58)
Group ID:
<2, 1>
Picard rank = 7
================================
Subgroup No.6/27
Permutation group acting on a set of cardinality 58
Order = 2
    (5, 7)(8, 18)(9, 23)(11, 24)(14, 26)(16, 27)(19, 28)(20, 29)(21, 22)(34, 
        36)(37, 47)(38, 52)(40, 53)(43, 55)(45, 56)(48, 57)(49, 58)(50, 51)
Group ID:
<2, 1>
Picard rank = 7
================================
Subgroup No.7/27
Permutation group acting on a set of cardinality 58
Order = 2
    (1, 3)(4, 5)(6, 7)(8, 9)(11, 24)(12, 13)(14, 23)(15, 19)(16, 29)(18, 21)(20,
        27)(22, 26)(25, 28)(30, 32)(33, 34)(35, 36)(37, 38)(40, 53)(41, 42)(43, 
        52)(44, 48)(45, 58)(47, 50)(49, 56)(51, 55)(54, 57)
Group ID:
<2, 1>
Picard rank = 5
================================
Subgroup No.8/27
Permutation group acting on a set of cardinality 58
Order = 2
    (1, 3)(5, 7)(8, 23)(9, 18)(14, 22)(19, 28)(21, 26)(30, 32)(34, 36)(37, 
        52)(38, 47)(43, 51)(48, 57)(50, 55)
Group ID:
<2, 1>
Picard rank = 7
================================
Subgroup No.9/27
Permutation group acting on a set of cardinality 58
Order = 4 = 2^2
    (1, 3)(8, 9)(11, 24)(14, 21)(16, 27)(18, 23)(20, 29)(22, 26)(30, 32)(37, 
        38)(40, 53)(43, 50)(45, 56)(47, 52)(49, 58)(51, 55)
    (4, 6)(5, 7)(8, 26)(9, 22)(14, 18)(15, 25)(19, 28)(21, 23)(33, 35)(34, 
        36)(37, 55)(38, 51)(43, 47)(44, 54)(48, 57)(50, 52)
Group ID:
<4, 2>
Picard rank = 5
================================
Subgroup No.10/27
Permutation group acting on a set of cardinality 58
Order = 4 = 2^2
    (1, 3)(4, 5)(6, 7)(8, 9)(11, 24)(12, 13)(14, 23)(15, 19)(16, 29)(18, 21)(20,
        27)(22, 26)(25, 28)(30, 32)(33, 34)(35, 36)(37, 38)(40, 53)(41, 42)(43, 
        52)(44, 48)(45, 58)(47, 50)(49, 56)(51, 55)(54, 57)
    (4, 6)(5, 7)(8, 26)(9, 22)(14, 18)(15, 25)(19, 28)(21, 23)(33, 35)(34, 
        36)(37, 55)(38, 51)(43, 47)(44, 54)(48, 57)(50, 52)
Group ID:
<4, 2>
Picard rank = 4
================================
Subgroup No.11/27
Permutation group acting on a set of cardinality 58
Order = 4 = 2^2
    (1, 3)(4, 5, 6, 7)(8, 21, 26, 23)(9, 14, 22, 18)(12, 13)(15, 19, 25, 28)(16,
        20)(27, 29)(30, 32)(33, 34, 35, 36)(37, 50, 55, 52)(38, 43, 51, 47)(41, 
        42)(44, 48, 54, 57)(45, 49)(56, 58)
    (4, 6)(5, 7)(8, 26)(9, 22)(14, 18)(15, 25)(19, 28)(21, 23)(33, 35)(34, 
        36)(37, 55)(38, 51)(43, 47)(44, 54)(48, 57)(50, 52)
Group ID:
<4, 1>
Picard rank = 5
================================
Subgroup No.12/27
Permutation group acting on a set of cardinality 58
Order = 4 = 2^2
    (4, 5, 6, 7)(8, 14, 26, 18)(9, 21, 22, 23)(11, 24)(12, 13)(15, 19, 25, 
        28)(16, 29)(20, 27)(33, 34, 35, 36)(37, 43, 55, 47)(38, 50, 51, 52)(40, 
        53)(41, 42)(44, 48, 54, 57)(45, 58)(49, 56)
    (4, 6)(5, 7)(8, 26)(9, 22)(14, 18)(15, 25)(19, 28)(21, 23)(33, 35)(34, 
        36)(37, 55)(38, 51)(43, 47)(44, 54)(48, 57)(50, 52)
Group ID:
<4, 1>
Picard rank = 5
================================
Subgroup No.13/27
Permutation group acting on a set of cardinality 58
Order = 4 = 2^2
    (5, 7)(8, 18)(9, 23)(11, 24)(14, 26)(16, 27)(19, 28)(20, 29)(21, 22)(34, 
        36)(37, 47)(38, 52)(40, 53)(43, 55)(45, 56)(48, 57)(49, 58)(50, 51)
    (4, 6)(5, 7)(8, 26)(9, 22)(14, 18)(15, 25)(19, 28)(21, 23)(33, 35)(34, 
        36)(37, 55)(38, 51)(43, 47)(44, 54)(48, 57)(50, 52)
Group ID:
<4, 2>
Picard rank = 6
================================
Subgroup No.14/27
Permutation group acting on a set of cardinality 58
Order = 4 = 2^2
    (1, 3)(5, 7)(8, 23)(9, 18)(14, 22)(19, 28)(21, 26)(30, 32)(34, 36)(37, 
        52)(38, 47)(43, 51)(48, 57)(50, 55)
    (4, 6)(5, 7)(8, 26)(9, 22)(14, 18)(15, 25)(19, 28)(21, 23)(33, 35)(34, 
        36)(37, 55)(38, 51)(43, 47)(44, 54)(48, 57)(50, 52)
Group ID:
<4, 2>
Picard rank = 6
================================
Subgroup No.15/27
Permutation group acting on a set of cardinality 58
Order = 4 = 2^2
    (4, 5)(6, 7)(12, 13)(14, 18)(15, 19)(16, 20)(21, 23)(25, 28)(27, 29)(33, 
        34)(35, 36)(41, 42)(43, 47)(44, 48)(45, 49)(50, 52)(54, 57)(56, 58)
    (4, 6)(5, 7)(8, 26)(9, 22)(14, 18)(15, 25)(19, 28)(21, 23)(33, 35)(34, 
        36)(37, 55)(38, 51)(43, 47)(44, 54)(48, 57)(50, 52)
Group ID:
<4, 2>
Picard rank = 6
================================
Subgroup No.16/27
Permutation group acting on a set of cardinality 58
Order = 4 = 2^2
    (4, 5)(6, 7)(12, 13)(14, 18)(15, 19)(16, 20)(21, 23)(25, 28)(27, 29)(33, 
        34)(35, 36)(41, 42)(43, 47)(44, 48)(45, 49)(50, 52)(54, 57)(56, 58)
    (1, 3)(4, 6)(5, 7)(8, 22)(9, 26)(11, 24)(14, 23)(15, 25)(16, 27)(18, 21)(19,
        28)(20, 29)(30, 32)(33, 35)(34, 36)(37, 51)(38, 55)(40, 53)(43, 52)(44, 
        54)(45, 56)(47, 50)(48, 57)(49, 58)
Group ID:
<4, 2>
Picard rank = 4
================================
Subgroup No.17/27
Permutation group acting on a set of cardinality 58
Order = 4 = 2^2
    (1, 3)(5, 7)(8, 23)(9, 18)(14, 22)(19, 28)(21, 26)(30, 32)(34, 36)(37, 
        52)(38, 47)(43, 51)(48, 57)(50, 55)
    (1, 3)(8, 9)(11, 24)(14, 21)(16, 27)(18, 23)(20, 29)(22, 26)(30, 32)(37, 
        38)(40, 53)(43, 50)(45, 56)(47, 52)(49, 58)(51, 55)
Group ID:
<4, 2>
Picard rank = 6
================================
Subgroup No.18/27
Permutation group acting on a set of cardinality 58
Order = 4 = 2^2
    (1, 3)(5, 7)(8, 23)(9, 18)(14, 22)(19, 28)(21, 26)(30, 32)(34, 36)(37, 
        52)(38, 47)(43, 51)(48, 57)(50, 55)
    (1, 3)(4, 6)(5, 7)(8, 22)(9, 26)(11, 24)(14, 23)(15, 25)(16, 27)(18, 21)(19,
        28)(20, 29)(30, 32)(33, 35)(34, 36)(37, 51)(38, 55)(40, 53)(43, 52)(44, 
        54)(45, 56)(47, 50)(48, 57)(49, 58)
Group ID:
<4, 2>
Picard rank = 5
================================
Subgroup No.19/27
Permutation group acting on a set of cardinality 58
Order = 4 = 2^2
    (4, 5)(6, 7)(12, 13)(14, 18)(15, 19)(16, 20)(21, 23)(25, 28)(27, 29)(33, 
        34)(35, 36)(41, 42)(43, 47)(44, 48)(45, 49)(50, 52)(54, 57)(56, 58)
    (1, 3)(8, 9)(11, 24)(14, 21)(16, 27)(18, 23)(20, 29)(22, 26)(30, 32)(37, 
        38)(40, 53)(43, 50)(45, 56)(47, 52)(49, 58)(51, 55)
Group ID:
<4, 2>
Picard rank = 5
================================
Subgroup No.20/27
Permutation group acting on a set of cardinality 58
Order = 8 = 2^3
    (1, 3)(5, 7)(8, 23)(9, 18)(14, 22)(19, 28)(21, 26)(30, 32)(34, 36)(37, 
        52)(38, 47)(43, 51)(48, 57)(50, 55)
    (1, 3)(4, 5, 6, 7)(8, 21, 26, 23)(9, 14, 22, 18)(12, 13)(15, 19, 25, 28)(16,
        20)(27, 29)(30, 32)(33, 34, 35, 36)(37, 50, 55, 52)(38, 43, 51, 47)(41, 
        42)(44, 48, 54, 57)(45, 49)(56, 58)
    (4, 6)(5, 7)(8, 26)(9, 22)(14, 18)(15, 25)(19, 28)(21, 23)(33, 35)(34, 
        36)(37, 55)(38, 51)(43, 47)(44, 54)(48, 57)(50, 52)
Group ID:
<8, 3>
Picard rank = 5
================================
Subgroup No.21/27
Permutation group acting on a set of cardinality 58
Order = 8 = 2^3
    (1, 3)(5, 7)(8, 23)(9, 18)(14, 22)(19, 28)(21, 26)(30, 32)(34, 36)(37, 
        52)(38, 47)(43, 51)(48, 57)(50, 55)
    (4, 5, 6, 7)(8, 14, 26, 18)(9, 21, 22, 23)(11, 24)(12, 13)(15, 19, 25, 
        28)(16, 29)(20, 27)(33, 34, 35, 36)(37, 43, 55, 47)(38, 50, 51, 52)(40, 
        53)(41, 42)(44, 48, 54, 57)(45, 58)(49, 56)
    (4, 6)(5, 7)(8, 26)(9, 22)(14, 18)(15, 25)(19, 28)(21, 23)(33, 35)(34, 
        36)(37, 55)(38, 51)(43, 47)(44, 54)(48, 57)(50, 52)
Group ID:
<8, 3>
Picard rank = 4
================================
Subgroup No.22/27
Permutation group acting on a set of cardinality 58
Order = 8 = 2^3
    (1, 3)(5, 7)(8, 23)(9, 18)(14, 22)(19, 28)(21, 26)(30, 32)(34, 36)(37, 
        52)(38, 47)(43, 51)(48, 57)(50, 55)
    (1, 3)(8, 9)(11, 24)(14, 21)(16, 27)(18, 23)(20, 29)(22, 26)(30, 32)(37, 
        38)(40, 53)(43, 50)(45, 56)(47, 52)(49, 58)(51, 55)
    (4, 6)(5, 7)(8, 26)(9, 22)(14, 18)(15, 25)(19, 28)(21, 23)(33, 35)(34, 
        36)(37, 55)(38, 51)(43, 47)(44, 54)(48, 57)(50, 52)
Group ID:
<8, 5>
Picard rank = 5
================================
Subgroup No.23/27
Permutation group acting on a set of cardinality 58
Order = 8 = 2^3
    (5, 7)(8, 18)(9, 23)(11, 24)(14, 26)(16, 27)(19, 28)(20, 29)(21, 22)(34, 
        36)(37, 47)(38, 52)(40, 53)(43, 55)(45, 56)(48, 57)(49, 58)(50, 51)
    (4, 5, 6, 7)(8, 14, 26, 18)(9, 21, 22, 23)(11, 24)(12, 13)(15, 19, 25, 
        28)(16, 29)(20, 27)(33, 34, 35, 36)(37, 43, 55, 47)(38, 50, 51, 52)(40, 
        53)(41, 42)(44, 48, 54, 57)(45, 58)(49, 56)
    (4, 6)(5, 7)(8, 26)(9, 22)(14, 18)(15, 25)(19, 28)(21, 23)(33, 35)(34, 
        36)(37, 55)(38, 51)(43, 47)(44, 54)(48, 57)(50, 52)
Group ID:
<8, 3>
Picard rank = 5
================================
Subgroup No.24/27
Permutation group acting on a set of cardinality 58
Order = 8 = 2^3
    (5, 7)(8, 18)(9, 23)(11, 24)(14, 26)(16, 27)(19, 28)(20, 29)(21, 22)(34, 
        36)(37, 47)(38, 52)(40, 53)(43, 55)(45, 56)(48, 57)(49, 58)(50, 51)
    (1, 3)(4, 5, 6, 7)(8, 21, 26, 23)(9, 14, 22, 18)(12, 13)(15, 19, 25, 28)(16,
        20)(27, 29)(30, 32)(33, 34, 35, 36)(37, 50, 55, 52)(38, 43, 51, 47)(41, 
        42)(44, 48, 54, 57)(45, 49)(56, 58)
    (4, 6)(5, 7)(8, 26)(9, 22)(14, 18)(15, 25)(19, 28)(21, 23)(33, 35)(34, 
        36)(37, 55)(38, 51)(43, 47)(44, 54)(48, 57)(50, 52)
Group ID:
<8, 3>
Picard rank = 4
================================
Subgroup No.25/27
Permutation group acting on a set of cardinality 58
Order = 8 = 2^3
    (4, 5)(6, 7)(12, 13)(14, 18)(15, 19)(16, 20)(21, 23)(25, 28)(27, 29)(33, 
        34)(35, 36)(41, 42)(43, 47)(44, 48)(45, 49)(50, 52)(54, 57)(56, 58)
    (1, 3)(8, 9)(11, 24)(14, 21)(16, 27)(18, 23)(20, 29)(22, 26)(30, 32)(37, 
        38)(40, 53)(43, 50)(45, 56)(47, 52)(49, 58)(51, 55)
    (4, 6)(5, 7)(8, 26)(9, 22)(14, 18)(15, 25)(19, 28)(21, 23)(33, 35)(34, 
        36)(37, 55)(38, 51)(43, 47)(44, 54)(48, 57)(50, 52)
Group ID:
<8, 5>
Picard rank = 4
================================
Subgroup No.26/27
Permutation group acting on a set of cardinality 58
Order = 8 = 2^3
    (1, 3)(4, 5, 6, 7)(8, 21, 26, 23)(9, 14, 22, 18)(12, 13)(15, 19, 25, 28)(16,
        20)(27, 29)(30, 32)(33, 34, 35, 36)(37, 50, 55, 52)(38, 43, 51, 47)(41, 
        42)(44, 48, 54, 57)(45, 49)(56, 58)
    (1, 3)(8, 9)(11, 24)(14, 21)(16, 27)(18, 23)(20, 29)(22, 26)(30, 32)(37, 
        38)(40, 53)(43, 50)(45, 56)(47, 52)(49, 58)(51, 55)
    (4, 6)(5, 7)(8, 26)(9, 22)(14, 18)(15, 25)(19, 28)(21, 23)(33, 35)(34, 
        36)(37, 55)(38, 51)(43, 47)(44, 54)(48, 57)(50, 52)
Group ID:
<8, 2>
Picard rank = 4
================================
Subgroup No.27/27
Permutation group acting on a set of cardinality 58
Order = 16 = 2^4
    (1, 3)(5, 7)(8, 23)(9, 18)(14, 22)(19, 28)(21, 26)(30, 32)(34, 36)(37, 
        52)(38, 47)(43, 51)(48, 57)(50, 55)
    (1, 3)(4, 5, 6, 7)(8, 21, 26, 23)(9, 14, 22, 18)(12, 13)(15, 19, 25, 28)(16,
        20)(27, 29)(30, 32)(33, 34, 35, 36)(37, 50, 55, 52)(38, 43, 51, 47)(41, 
        42)(44, 48, 54, 57)(45, 49)(56, 58)
    (1, 3)(8, 9)(11, 24)(14, 21)(16, 27)(18, 23)(20, 29)(22, 26)(30, 32)(37, 
        38)(40, 53)(43, 50)(45, 56)(47, 52)(49, 58)(51, 55)
    (4, 6)(5, 7)(8, 26)(9, 22)(14, 18)(15, 25)(19, 28)(21, 23)(33, 35)(34, 
        36)(37, 55)(38, 51)(43, 47)(44, 54)(48, 57)(50, 52)
Group ID:
<16, 11>
Picard rank = 4
================================
