deg1_E5+A2.txt
(-2)-curves:
[
    ( 0  1 -1  0  0  0  0  0  0),
    ( 0  0  1 -1  0  0  0  0  0),
    ( 0  0  0  1 -1  0  0  0  0),
    ( 0  0  0  0  1 -1  0  0  0),
    ( 0  0  0  0  0  1 -1  0  0),
    ( 0  0  0  0  0  0  0  1 -1),
    (-3  1  1  1  1  1  1  1  2)
]
# of (-1)-classes = 240
# of (-1)-curves = 12
list of (-1)-curves:
[*
    ( 6 -3 -2 -2 -2 -2 -2 -2 -2),
    ( 4 -2 -2 -2 -1 -1 -1 -1 -1),
    ( 4 -2 -2 -1 -1 -1 -1 -2 -1),
    ( 3 -2 -1 -1 -1 -1  0 -1 -1),
    ( 4 -2 -1 -1 -1 -1 -1 -2 -2),
    ( 2 -1 -1 -1  0  0  0 -1 -1),
    ( 5 -2 -2 -2 -2 -1 -1 -2 -2),
    ( 3 -1 -1 -1 -1 -1  0 -2 -1),
    ( 5 -2 -2 -2 -2 -2 -1 -2 -1),
    ( 6 -2 -2 -2 -2 -2 -2 -3 -2),
    ( 5 -2 -2 -2 -2 -2 -2 -1 -1),
    ( 1  0  0  0  0  0  0 -1 -1)
*]
The intersection matrix of negative curves:
[-2  1  0  0  0  0  0  1  0  0  1  1  0  0  0  0  0  0  0]
[ 1 -2  1  0  0  0  0  0  0  1  0  0  0  0  0  0  0  0  0]
[ 0  1 -2  1  0  0  0  0  1  0  0  0  1  0  0  0  0  0  0]
[ 0  0  1 -2  1  0  0  0  0  0  0  0  0  1  0  0  0  0  0]
[ 0  0  0  1 -2  0  0  0  0  0  1  0  0  0  1  1  0  0  0]
[ 0  0  0  0  0 -2  1  0  0  1  0  0  0  0  1  1  1  0  0]
[ 0  0  0  0  0  1 -2  1  0  0  0  1  0  1  0  0  1  0  0]
[ 1  0  0  0  0  0  1 -1  0  0  0  0  1  0  1  0  0  0  2]
[ 0  0  1  0  0  0  0  0 -1  0  0  1  0  0  1  0  1  0  2]
[ 0  1  0  0  0  1  0  0  0 -1  0  0  0  0  0  0  0  1  1]
[ 1  0  0  0  1  0  0  0  0  0 -1  0  0  0  0  0  1  1  1]
[ 1  0  0  0  0  0  1  0  1  0  0 -1  0  0  0  1  0  2  0]
[ 0  0  1  0  0  0  0  1  0  0  0  0 -1  0  0  1  1  2  0]
[ 0  0  0  1  0  0  1  0  0  0  0  0  0 -1  0  0  0  1  1]
[ 0  0  0  0  1  1  0  1  1  0  0  0  0  0 -1  0  0  2  0]
[ 0  0  0  0  1  1  0  0  0  0  0  1  1  0  0 -1  0  0  2]
[ 0  0  0  0  0  1  1  0  1  0  1  0  1  0  0  0 -1  1  1]
[ 0  0  0  0  0  0  0  0  0  1  1  2  2  1  2  0  1 -1  3]
[ 0  0  0  0  0  0  0  2  2  1  1  0  0  1  0  2  1  3 -1]
The automorphism group of dual graph:
Permutation group AutoGroup acting on a set of cardinality 38
Order = 4 = 2^2
    (8, 12)(9, 13)(15, 16)(18, 19)(27, 31)(28, 32)(34, 35)(37, 38)
    (1, 5)(2, 4)(6, 7)(8, 15)(9, 13)(10, 14)(12, 16)(18, 19)(20, 24)(21, 23)(25,
        26)(27, 34)(28, 32)(29, 33)(31, 35)(37, 38)
Group ID:
<4, 2>
================================
Subgroup No.1/5
Permutation group acting on a set of cardinality 38
Order = 1
Group ID:
<1, 1>
Picard rank = 9
================================
Subgroup No.2/5
Permutation group acting on a set of cardinality 38
Order = 2
    (8, 12)(9, 13)(15, 16)(18, 19)(27, 31)(28, 32)(34, 35)(37, 38)
Group ID:
<2, 1>
Picard rank = 8
================================
Subgroup No.3/5
Permutation group acting on a set of cardinality 38
Order = 2
    (1, 5)(2, 4)(6, 7)(8, 16)(10, 14)(12, 15)(20, 24)(21, 23)(25, 26)(27, 
        35)(29, 33)(31, 34)
Group ID:
<2, 1>
Picard rank = 6
================================
Subgroup No.4/5
Permutation group acting on a set of cardinality 38
Order = 2
    (1, 5)(2, 4)(6, 7)(8, 15)(9, 13)(10, 14)(12, 16)(18, 19)(20, 24)(21, 23)(25,
        26)(27, 34)(28, 32)(29, 33)(31, 35)(37, 38)
Group ID:
<2, 1>
Picard rank = 5
================================
Subgroup No.5/5
Permutation group acting on a set of cardinality 38
Order = 4 = 2^2
    (8, 12)(9, 13)(15, 16)(18, 19)(27, 31)(28, 32)(34, 35)(37, 38)
    (1, 5)(2, 4)(6, 7)(8, 15)(9, 13)(10, 14)(12, 16)(18, 19)(20, 24)(21, 23)(25,
        26)(27, 34)(28, 32)(29, 33)(31, 35)(37, 38)
Group ID:
<4, 2>
Picard rank = 5
================================
