deg1_A7.txt
(-2)-curves:
[
    ( 1 -1 -1 -1  0  0  0  0  0),
    ( 0  0  0  1 -1  0  0  0  0),
    ( 0  0  0  0  1 -1  0  0  0),
    ( 0  0  0  0  0  1 -1  0  0),
    ( 0  0  0  0  0  0  1 -1  0),
    ( 0  0  0  0  0  0  0  1 -1),
    (-3  1  1  1  1  1  1  1  2)
]
# of (-1)-classes = 240
# of (-1)-curves = 8
list of (-1)-curves:
[*
    ( 5 -1 -1 -2 -2 -2 -2 -2 -2),
    ( 3 -2  0 -1 -1 -1 -1 -1 -1),
    ( 3  0 -2 -1 -1 -1 -1 -1 -1),
    ( 3  0 -1 -2 -1 -1 -1 -1 -1),
    ( 5 -1 -2 -2 -2 -2 -2 -2 -1),
    ( 3 -1  0 -2 -1 -1 -1 -1 -1),
    ( 5 -2 -1 -2 -2 -2 -2 -2 -1),
    ( 4 -1 -1 -2 -2 -2 -1 -1 -1)
*]
The intersection matrix of negative curves:
[-2  1  0  0  0  0  0  1  0  0  0  0  0  0  0]
[ 1 -2  1  0  0  0  0  0  0  0  1  0  1  0  0]
[ 0  1 -2  1  0  0  0  0  0  0  0  0  0  0  0]
[ 0  0  1 -2  1  0  0  0  0  0  0  0  0  0  1]
[ 0  0  0  1 -2  1  0  0  0  0  0  0  0  0  0]
[ 0  0  0  0  1 -2  1  0  0  0  0  1  0  1  0]
[ 0  0  0  0  0  1 -2  1  0  0  0  0  0  0  0]
[ 1  0  0  0  0  0  1 -1  1  1  0  0  0  0  0]
[ 0  0  0  0  0  0  0  1 -1  3  2  2  0  0  1]
[ 0  0  0  0  0  0  0  1  3 -1  0  0  2  2  1]
[ 0  1  0  0  0  0  0  0  2  0 -1  0  0  1  0]
[ 0  0  0  0  0  1  0  0  2  0  0 -1  1  0  0]
[ 0  1  0  0  0  0  0  0  0  2  0  1 -1  0  0]
[ 0  0  0  0  0  1  0  0  0  2  1  0  0 -1  0]
[ 0  0  0  1  0  0  0  0  1  1  0  0  0  0 -1]
The automorphism group of dual graph:
Permutation group AutoGroup acting on a set of cardinality 30
Order = 4 = 2^2
    (9, 10)(11, 13)(12, 14)(24, 25)(26, 28)(27, 29)
    (1, 7)(2, 6)(3, 5)(9, 10)(11, 14)(12, 13)(16, 22)(17, 21)(18, 20)(24, 
        25)(26, 29)(27, 28)
Group ID:
<4, 2>
================================
Subgroup No.1/5
Permutation group acting on a set of cardinality 30
Order = 1
Group ID:
<1, 1>
Picard rank = 9
================================
Subgroup No.2/5
Permutation group acting on a set of cardinality 30
Order = 2
    (9, 10)(11, 13)(12, 14)(24, 25)(26, 28)(27, 29)
Group ID:
<2, 1>
Picard rank = 8
================================
Subgroup No.3/5
Permutation group acting on a set of cardinality 30
Order = 2
    (1, 7)(2, 6)(3, 5)(11, 12)(13, 14)(16, 22)(17, 21)(18, 20)(26, 27)(28, 29)
Group ID:
<2, 1>
Picard rank = 6
================================
Subgroup No.4/5
Permutation group acting on a set of cardinality 30
Order = 2
    (1, 7)(2, 6)(3, 5)(9, 10)(11, 14)(12, 13)(16, 22)(17, 21)(18, 20)(24, 
        25)(26, 29)(27, 28)
Group ID:
<2, 1>
Picard rank = 5
================================
Subgroup No.5/5
Permutation group acting on a set of cardinality 30
Order = 4 = 2^2
    (9, 10)(11, 13)(12, 14)(24, 25)(26, 28)(27, 29)
    (1, 7)(2, 6)(3, 5)(9, 10)(11, 14)(12, 13)(16, 22)(17, 21)(18, 20)(24, 
        25)(26, 29)(27, 28)
Group ID:
<4, 2>
Picard rank = 5
================================
