deg2_3A2.txt
(-2)-curves:
[
    ( 0  1 -1  0  0  0  0  0),
    ( 2 -1  0 -1 -1 -1 -1 -1),
    ( 1 -1 -1 -1  0  0  0  0),
    ( 0  0  0  1 -1  0  0  0),
    ( 0  0  0  0  0  1 -1  0),
    ( 0  0  0  0  0  0  1 -1)
]
# of (-1)-classes = 56
# of (-1)-curves = 8
list of (-1)-curves:
[*
    ( 1 -1  0  0  0 -1  0  0),
    (0 0 1 0 0 0 0 0),
    ( 1  0  0 -1 -1  0  0  0),
    ( 2 -1 -1  0  0 -1 -1 -1),
    ( 1  0  0 -1  0 -1  0  0),
    (0 0 0 0 1 0 0 0),
    ( 1  0  0  0  0 -1 -1  0),
    (0 0 0 0 0 0 0 1)
*]
The intersection matrix of negative curves:
[-2  1  0  0  0  0  1  1  0  0  0  0  0  0]
[ 1 -2  0  0  0  0  0  0  0  0  0  1  0  1]
[ 0  0 -2  1  0  0  0  1  0  0  0  0  1  0]
[ 0  0  1 -2  0  0  0  0  0  0  1  1  0  0]
[ 0  0  0  0 -2  1  1  0  0  0  1  0  0  0]
[ 0  0  0  0  1 -2  0  0  0  0  0  0  1  1]
[ 1  0  0  0  1  0 -1  0  1  0  0  0  0  0]
[ 1  0  1  0  0  0  0 -1  0  1  0  0  0  0]
[ 0  0  0  0  0  0  1  0 -1  2  0  1  1  0]
[ 0  0  0  0  0  0  0  1  2 -1  1  0  0  1]
[ 0  0  0  1  1  0  0  0  0  1 -1  0  0  0]
[ 0  1  0  1  0  0  0  0  1  0  0 -1  0  0]
[ 0  0  1  0  0  1  0  0  1  0  0  0 -1  0]
[ 0  1  0  0  0  1  0  0  0  1  0  0  0 -1]
Possible branch divisors:
(0 0 0 0 0 0 0 0)
{* *}
( 3  0 -3  0 -3  0  0 -3)
{* 1^^2, 2, 3, 4^^2, 5, 6^^2 *}
( 6 -3 -3 -3 -3  0 -3 -3)
{* 1, 2^^2, 3^^2, 4, 5^^2, 6 *}
The quotient group Pic(X)/E:
Abelian Group isomorphic to Z/3 + Z + Z
Defined on 3 generators
Relations:
    3*$.1 = 0
