deg2_4A1(20l).txt
(-2)-curves:
[
    ( 2  0 -1 -1 -1 -1 -1 -1),
    ( 0  0  1 -1  0  0  0  0),
    ( 0  0  0  0  1 -1  0  0),
    ( 0  0  0  0  0  0  1 -1)
]
# of (-1)-classes = 56
# of (-1)-curves = 20
list of (-1)-curves:
[*
    (0 1 0 0 0 0 0 0),
    ( 3 -2 -1 -1 -1 -1 -1 -1),
    ( 1 -1 -1  0  0  0  0  0),
    ( 1 -1  0  0 -1  0  0  0),
    ( 1 -1  0  0  0  0 -1  0),
    ( 1  0 -1 -1  0  0  0  0),
    ( 2 -1  0  0 -1 -1 -1 -1),
    ( 1  0 -1  0 -1  0  0  0),
    ( 1  0 -1  0  0  0 -1  0),
    (0 0 0 1 0 0 0 0),
    ( 2 -1 -1  0 -1  0 -1 -1),
    ( 2 -1 -1  0 -1 -1 -1  0),
    ( 1  0  0  0 -1 -1  0  0),
    ( 2 -1 -1 -1  0  0 -1 -1),
    ( 1  0  0  0 -1  0 -1  0),
    (0 0 0 0 0 1 0 0),
    ( 2 -1 -1 -1 -1  0 -1  0),
    ( 1  0  0  0  0  0 -1 -1),
    ( 2 -1 -1 -1 -1 -1  0  0),
    (0 0 0 0 0 0 0 1)
*]
The intersection matrix of negative curves:
[-2  0  0  0  0  0  1  1  1  0  0  0  0  1  0  0  0  0  0  1  0  0  0  1]
[ 0 -2  0  0  0  0  1  0  0  0  0  1  1  1  1  1  0  0  0  0  0  0  0  0]
[ 0  0 -2  0  0  0  0  1  0  0  0  1  0  0  1  0  0  0  1  1  1  0  0  0]
[ 0  0  0 -2  0  0  0  0  1  0  0  0  1  0  0  1  0  0  1  0  1  0  0  1]
[ 0  0  0  0 -1  2  1  1  1  0  1  0  0  0  1  1  0  1  0  0  1  0  1  0]
[ 0  0  0  0  2 -1  0  0  0  1  0  1  1  1  0  0  1  0  1  1  0  1  0  1]
[ 1  1  0  0  1  0 -1  0  0  0  1  0  0  0  0  0  1  0  1  0  0  1  0  0]
[ 1  0  1  0  1  0  0 -1  0  1  0  0  1  0  0  0  0  1  0  0  0  1  0  0]
[ 1  0  0  1  1  0  0  0 -1  1  0  1  0  0  0  0  1  0  0  0  0  0  1  0]
[ 0  0  0  0  0  1  0  1  1 -1  2  0  0  1  1  1  1  0  1  0  0  1  0  0]
[ 0  0  0  0  1  0  1  0  0  2 -1  1  1  0  0  0  0  1  0  1  1  0  1  1]
[ 0  1  1  0  0  1  0  0  1  0  1 -1  0  0  0  0  0  1  0  0  0  1  0  0]
[ 0  1  0  1  0  1  0  1  0  0  1  0 -1  0  0  0  1  0  0  0  0  0  1  0]
[ 1  1  0  0  0  1  0  0  0  1  0  0  0 -1  0  0  0  1  0  0  1  0  1  0]
[ 0  1  1  0  1  0  0  0  0  1  0  0  0  0 -1  0  1  0  0  0  0  0  1  1]
[ 0  1  0  1  1  0  0  0  0  1  0  0  0  0  0 -1  0  1  0  1  0  1  0  0]
[ 0  0  0  0  0  1  1  0  1  1  0  0  1  0  1  0 -1  2  0  1  1  1  0  0]
[ 0  0  0  0  1  0  0  1  0  0  1  1  0  1  0  1  2 -1  1  0  0  0  1  1]
[ 0  0  1  1  0  1  1  0  0  1  0  0  0  0  0  0  0  1 -1  0  0  0  1  0]
[ 1  0  1  0  0  1  0  0  0  0  1  0  0  0  0  1  1  0  0 -1  0  0  1  0]
[ 0  0  1  1  1  0  0  0  0  0  1  0  0  1  0  0  1  0  0  0 -1  1  0  0]
[ 0  0  0  0  0  1  1  1  0  1  0  1  0  0  0  1  1  0  0  0  1 -1  2  1]
[ 0  0  0  0  1  0  0  0  1  0  1  0  1  1  1  0  0  1  1  1  0  2 -1  0]
[ 1  0  0  1  0  1  0  0  0  0  1  0  0  0  1  0  0  1  0  0  0  1  0 -1]
Possible branch divisors:
(0 0 0 0 0 0 0 0)
{}
( 2  0  0 -2  0 -2  0 -2)
{ 1, 2, 3, 4 }
The quotient group Pic(X)/E:
Abelian Group isomorphic to Z/2 + Z + Z + Z + Z
Defined on 5 generators
Relations:
    2*$.1 = 0
