deg3_4A1.txt
(-2)-curves:
[
    ( 0  1 -1  0  0  0  0),
    ( 0  0  0  1 -1  0  0),
    ( 0  0  0  0  0  1 -1),
    ( 2 -1 -1 -1 -1 -1 -1)
]
# of (-1)-classes = 27
# of (-1)-curves = 9
list of (-1)-curves:
[*
    ( 1 -1 -1  0  0  0  0),
    ( 1 -1  0 -1  0  0  0),
    ( 1 -1  0  0  0 -1  0),
    (0 0 1 0 0 0 0),
    ( 1  0  0 -1 -1  0  0),
    ( 1  0  0 -1  0 -1  0),
    (0 0 0 0 1 0 0),
    ( 1  0  0  0  0 -1 -1),
    (0 0 0 0 0 0 1)
*]
The intersection matrix of negative curves:
[-2  0  0  0  0  1  1  1  0  0  0  0  0]
[ 0 -2  0  0  0  1  0  0  0  1  1  0  0]
[ 0  0 -2  0  0  0  1  0  0  1  0  0  1]
[ 0  0  0 -2  0  0  0  1  0  0  1  0  1]
[ 0  0  0  0 -1  0  0  1  1  1  0  1  0]
[ 1  1  0  0  0 -1  0  0  0  0  0  1  0]
[ 1  0  1  0  0  0 -1  0  1  0  0  0  0]
[ 1  0  0  1  1  0  0 -1  0  0  0  0  0]
[ 0  0  0  0  1  0  1  0 -1  0  1  1  0]
[ 0  1  1  0  1  0  0  0  0 -1  0  0  0]
[ 0  1  0  1  0  0  0  0  1  0 -1  0  0]
[ 0  0  0  0  1  1  0  0  1  0  0 -1  1]
[ 0  0  1  1  0  0  0  0  0  0  0  1 -1]
The automorphism group of dual graph:
Permutation group AutoGroup acting on a set of cardinality 26
Order = 24 = 2^3 * 3
    (1, 3)(2, 4)(6, 13)(8, 10)(14, 16)(15, 17)(19, 26)(21, 23)
    (1, 2)(3, 4)(7, 11)(8, 10)(14, 15)(16, 17)(20, 24)(21, 23)
    (2, 3)(6, 7)(9, 12)(11, 13)(15, 16)(19, 20)(22, 25)(24, 26)
    (1, 2)(5, 9)(7, 10)(8, 11)(14, 15)(18, 22)(20, 23)(21, 24)
Group ID:
<24, 12>
================================
Subgroup No.1/11
Permutation group acting on a set of cardinality 26
Order = 1
Group ID:
<1, 1>
Picard rank = 7
================================
Subgroup No.2/11
Permutation group acting on a set of cardinality 26
Order = 2
    (1, 3)(2, 4)(6, 13)(8, 10)(14, 16)(15, 17)(19, 26)(21, 23)
Group ID:
<2, 1>
Picard rank = 5
================================
Subgroup No.3/11
Permutation group acting on a set of cardinality 26
Order = 2
    (2, 3)(6, 7)(9, 12)(11, 13)(15, 16)(19, 20)(22, 25)(24, 26)
Group ID:
<2, 1>
Picard rank = 5
================================
Subgroup No.4/11
Permutation group acting on a set of cardinality 26
Order = 3
    (1, 3, 2)(5, 12, 9)(6, 7, 10)(8, 13, 11)(14, 16, 15)(18, 25, 22)(19, 20, 
        23)(21, 26, 24)
Group ID:
<3, 1>
Picard rank = 3
================================
Subgroup No.5/11
Permutation group acting on a set of cardinality 26
Order = 4 = 2^2
    (1, 3)(2, 4)(6, 13)(8, 10)(14, 16)(15, 17)(19, 26)(21, 23)
    (1, 2)(3, 4)(7, 11)(8, 10)(14, 15)(16, 17)(20, 24)(21, 23)
Group ID:
<4, 2>
Picard rank = 4
================================
Subgroup No.6/11
Permutation group acting on a set of cardinality 26
Order = 4 = 2^2
    (1, 3, 4, 2)(6, 7, 13, 11)(8, 10)(9, 12)(14, 16, 17, 15)(19, 20, 26, 24)(21,
        23)(22, 25)
    (1, 4)(2, 3)(6, 13)(7, 11)(14, 17)(15, 16)(19, 26)(20, 24)
Group ID:
<4, 1>
Picard rank = 3
================================
Subgroup No.7/11
Permutation group acting on a set of cardinality 26
Order = 4 = 2^2
    (2, 3)(6, 7)(9, 12)(11, 13)(15, 16)(19, 20)(22, 25)(24, 26)
    (1, 4)(2, 3)(6, 13)(7, 11)(14, 17)(15, 16)(19, 26)(20, 24)
Group ID:
<4, 2>
Picard rank = 4
================================
Subgroup No.8/11
Permutation group acting on a set of cardinality 26
Order = 6 = 2 * 3
    (2, 3)(6, 7)(9, 12)(11, 13)(15, 16)(19, 20)(22, 25)(24, 26)
    (1, 3, 2)(5, 12, 9)(6, 7, 10)(8, 13, 11)(14, 16, 15)(18, 25, 22)(19, 20, 
        23)(21, 26, 24)
Group ID:
<6, 1>
Picard rank = 3
================================
Subgroup No.9/11
Permutation group acting on a set of cardinality 26
Order = 8 = 2^3
    (2, 3)(6, 7)(9, 12)(11, 13)(15, 16)(19, 20)(22, 25)(24, 26)
    (1, 3)(2, 4)(6, 13)(8, 10)(14, 16)(15, 17)(19, 26)(21, 23)
    (1, 2)(3, 4)(7, 11)(8, 10)(14, 15)(16, 17)(20, 24)(21, 23)
Group ID:
<8, 3>
Picard rank = 3
================================
Subgroup No.10/11
Permutation group acting on a set of cardinality 26
Order = 12 = 2^2 * 3
    (1, 3, 2)(5, 12, 9)(6, 7, 10)(8, 13, 11)(14, 16, 15)(18, 25, 22)(19, 20, 
        23)(21, 26, 24)
    (1, 3)(2, 4)(6, 13)(8, 10)(14, 16)(15, 17)(19, 26)(21, 23)
    (1, 2)(3, 4)(7, 11)(8, 10)(14, 15)(16, 17)(20, 24)(21, 23)
Group ID:
<12, 3>
Picard rank = 2
================================
Subgroup No.11/11
Permutation group acting on a set of cardinality 26
Order = 24 = 2^3 * 3
    (2, 3)(6, 7)(9, 12)(11, 13)(15, 16)(19, 20)(22, 25)(24, 26)
    (1, 3, 2)(5, 12, 9)(6, 7, 10)(8, 13, 11)(14, 16, 15)(18, 25, 22)(19, 20, 
        23)(21, 26, 24)
    (1, 3)(2, 4)(6, 13)(8, 10)(14, 16)(15, 17)(19, 26)(21, 23)
    (1, 2)(3, 4)(7, 11)(8, 10)(14, 15)(16, 17)(20, 24)(21, 23)
Group ID:
<24, 12>
Picard rank = 2
================================
